GIS/scripts/widgets/windy/json/gfs.json
{"header": { "discipline":0, "disciplineName":"Meteorological products", "gribEdition":2, "gribLength":61279, "center":7, "centerName":"US National Weather Service - NCEP(WMC)", "subcenter":0, "refTime":"2018-01-09T00:00:00.000Z", "significanceOfRT":1, "significanceOfRTName":"Start of forecast", "productStatus":0, "productStatusName":"Operational products", "productType":1, "productTypeName":"Forecast products", "productDefinitionTemplate":0, "productDefinitionTemplateName":"Analysis/forecast at horizontal level/layer at a point in time", "parameterCategory":2, "parameterCategoryName":"Momentum", "parameterNumber":2, "parameterNumberName":"U-component_of_wind", "parameterUnit":"m.s-1", "genProcessType":2, "genProcessTypeName":"Forecast", "forecastTime":32, "surface1Type":103, "surface1TypeName":"Specified height level above ground", "surface1Value":10.0, "surface2Type":255, "surface2TypeName":"Missing", "surface2Value":0.0, "gridDefinitionTemplate":0, "gridDefinitionTemplateName":"Latitude_Longitude", "numberPoints":40733, "shape":6, "shapeName":"Earth spherical with radius of 6,371,229.0 m", "gridUnits":"degrees", "resolution":48, "winds":"true", "scanMode":64, "nx":253, "ny":161, "basicAngle":0, "lo1":72.0, "la1":15.0, "lo2":135.0, "la2":55.0, "dx":0.25, "dy":0.25 }, "data":
[rows 130 to 155 of 161, columns 59 to 117 of 253]
-5.6267285,-3.6667285,-2.3167286,-1.6067286,-1.1367285,-1.0767285,-1.1267285,-0.86672854,-0.4967285,-0.48672852,-0.39672852,0.16327149,0.39327148,0.4432715,1.0132715,1.5232714,1.4732715,1.0432715,1.0932715,1.7632715,1.9132714,0.4632715,-1.2667285,-1.8867285,-1.2467285,-0.47672853,-0.61672854,-1.5867286,-2.0367286,-1.5067285,-1.2867285,-1.5567285,-1.7767285,-1.9167285,-1.8467286,-1.4867285,-1.2467285,-0.9667285,-0.32672852,0.22327149,0.08327148,-0.21672851,-0.06672852,0.17327148,-0.13672851,-0.38672853,0.09327149,0.68327147,0.69327146,0.45327148,0.49327147,0.87327147,1.2432715,1.3632715,1.3232715,1.3832715,1.4832715,1.4632715,1.3432715
-5.5167284,-4.0667286,-2.9967284,-2.0767286,-1.2467285,-0.9767285,-0.93672854,-0.5367285,-0.12672852,-0.14672852,-0.15672852,0.14327149,0.45327148,1.1432714,1.9632715,2.0732715,1.5932715,1.4532715,1.3232715,0.9132715,0.50327146,-0.80672854,-2.2267284,-1.7567285,-0.6667285,-0.9167285,-2.1267285,-2.6467285,-2.1467285,-1.5567285,-1.4567285,-1.6567285,-1.6467285,-1.5067285,-1.2267286,-0.7767285,-0.7067285,-0.7067285,0.08327148,0.7032715,0.13327149,-0.74672854,-0.8867285,-0.3167285,0.19327149,0.42327148,0.8332715,1.2532715,1.4632715,1.2332715,1.0132715,1.2432715,1.9032714,2.2332716,2.0032716,1.8032715,1.7932715,1.8132715,1.6532714
-4.3467283,-3.2567284,-2.6467285,-2.1167285,-1.7467285,-1.4667286,-1.0267285,-0.056728516,0.32327148,0.11327148,0.14327149,0.2532715,0.4132715,1.1932715,1.6832715,1.4132714,1.4132714,1.9632715,1.5732715,-0.10672852,-1.2267286,-1.7367285,-2.4167285,-2.2867286,-1.8667285,-1.9467285,-2.2567284,-1.5767285,-0.9167285,-0.9867285,-1.3967285,-1.2067285,-0.62672853,-0.13672851,0.22327149,0.3432715,-0.17672852,-0.74672854,-0.4967285,-0.056728516,-0.19672851,-0.4367285,-0.3167285,0.063271485,0.5132715,0.93327147,1.3632715,1.5932715,1.7432715,1.6332715,1.3932714,1.3232715,1.9332715,2.4832716,2.3232715,1.9132714,1.9232715,1.9332715,1.6232715
-2.0367286,-1.2867285,-0.9567285,-1.1867285,-1.3967285,-0.9767285,0.09327149,0.9232715,0.7232715,0.5232715,0.9732715,0.8532715,0.5532715,1.2932715,1.5032715,1.1132715,1.3432715,1.7432715,0.56327146,-1.4967285,-2.1367285,-1.8467286,-1.8867285,-2.5767286,-2.7067285,-1.9967285,-1.2567285,-0.47672853,-0.24672851,-0.48672852,-0.56672853,-0.38672853,-0.16672851,-0.0067285155,0.053271484,-0.19672851,-0.62672853,-0.6367285,-0.116728514,0.20327148,0.30327147,0.6032715,0.7332715,0.4132715,0.19327149,0.5332715,1.0632715,1.4032714,1.6132715,1.6532714,1.4932715,1.4532715,1.8532715,2.3832715,2.2432716,1.8132715,1.8332715,1.7732714,1.2832714
-1.5667285,-1.2367285,-0.8867285,-1.1067286,-0.9767285,0.26327148,1.4832715,1.3932714,0.32327148,0.3832715,1.5532715,1.4632715,0.5832715,0.56327146,0.9232715,1.0132715,1.2432715,0.9632715,-0.9567285,-2.7167284,-2.1267285,-0.7767285,-0.55672854,-1.4567285,-1.7767285,-1.2967285,-0.80672854,-0.7067285,-0.74672854,-0.68672854,-0.6967285,-1.0667285,-1.4367285,-1.2967285,-0.9667285,-1.0067285,-0.99672854,-0.3167285,0.6032715,0.8932715,0.81327146,1.0432715,1.0532715,0.4332715,-0.0067285155,0.4632715,1.2032715,1.5332714,1.5332714,1.4832715,1.3732715,1.3032715,1.6232715,2.1232715,2.3232715,1.9032714,1.9932715,2.0032716,1.4232715
-1.5367285,-1.6467285,-1.1367285,-0.9867285,-0.35672852,1.0432715,2.0132716,1.7432715,0.5232715,0.45327148,1.4432715,1.4032714,0.6532715,0.5332715,0.93327147,1.0232714,1.0632715,0.7032715,-0.6567285,-1.3367286,-0.10672852,0.7032715,-0.06672852,-1.2367285,-1.4567285,-0.8867285,-0.6067285,-0.9567285,-1.2767285,-1.2567285,-1.3567286,-1.8267285,-2.0367286,-1.6967285,-1.1067286,-0.86672854,-0.5367285,0.19327149,0.8932715,0.9632715,0.6132715,0.4632715,0.42327148,0.17327148,0.14327149,0.6632715,1.2932715,1.6632714,1.7432715,1.9132714,2.1432714,2.1132715,1.9432715,1.9632715,1.9732715,1.6532714,1.7732714,2.1032715,1.9532715
-0.75672853,-0.5467285,-0.2767285,0.09327149,0.8032715,1.5432715,2.0132716,1.5732715,0.8632715,0.7832715,1.0632715,1.0532715,1.3132715,2.1132715,2.2232714,1.3032715,0.5932715,0.35327148,0.2832715,0.5932715,1.0132715,0.49327147,-0.81672853,-1.6867285,-1.2867285,-0.016728515,0.6532715,0.07327148,-0.9567285,-1.3167285,-1.2067285,-1.1367285,-1.0067285,-0.5767285,-0.056728516,0.16327149,0.3732715,0.7332715,0.8232715,0.2832715,-0.5167285,-0.7867285,-0.44672853,0.20327148,0.7632715,1.0532715,1.1932715,1.6232715,2.2732716,2.8532715,3.1232715,3.0832715,2.7232714,2.4332714,2.2132714,1.7632715,1.4632715,1.6232715,2.1232715
-0.4067285,0.3732715,0.81327146,1.0632715,1.4032714,1.8532715,1.5932715,0.87327147,0.6432715,0.7832715,0.8032715,1.0032715,1.7332715,2.5332716,2.2132714,0.6532715,-0.62672853,-0.21672851,1.1232715,1.9132714,1.3032715,-0.16672851,-1.5467285,-2.0567286,-1.4167285,-0.2867285,0.36327147,0.30327147,-0.116728514,-0.55672854,-0.50672853,-0.046728514,0.4732715,1.0732715,1.5132715,1.2632715,0.50327146,0.13327149,0.17327148,-0.09672852,-0.6967285,-0.7767285,0.043271486,1.2332715,1.8932714,1.7232715,1.4932715,1.7332715,2.4732714,3.0732715,2.9232714,2.8632715,2.7332716,2.5732715,2.5232716,2.1632714,1.6032715,1.4332715,1.8432715
-0.12672852,0.63327146,0.74327147,0.74327147,1.3132715,1.7432715,1.6932715,1.1232715,1.0432715,0.93327147,0.7932715,1.0932715,1.7832714,1.6632714,0.30327147,-1.4767286,-1.9467285,-0.62672853,1.4332715,2.3632715,1.1932715,-1.3567286,-3.2667284,-3.3167286,-1.6067286,-0.3667285,-0.10672852,0.4032715,1.0632715,1.1532714,0.8932715,0.63327146,0.5432715,0.5832715,0.62327147,0.0132714845,-1.0067285,-1.4467285,-0.9167285,-0.25672853,-0.056728516,0.15327148,0.9132715,1.8032715,2.1432714,2.0532715,2.0932715,2.3532715,2.5432715,2.3832715,2.6832714,2.6132715,2.4132714,2.2632716,2.2232714,2.2132714,2.0632715,1.8532715,1.9532715
0.7332715,0.3432715,-0.39672852,0.043271486,1.7032715,2.6032715,2.0532715,0.9532715,0.26327148,-0.19672851,-0.4967285,0.20327148,1.1132715,0.20327148,-1.8567286,-2.1267285,-0.93672854,0.56327146,1.5232714,1.5932715,0.33327147,-2.2067285,-3.5967286,-2.4167285,-0.17672852,0.5332715,0.23327148,0.29327148,0.6432715,0.49327147,-0.12672852,-0.81672853,-1.3267285,-1.5267285,-1.5667285,-1.9067285,-2.2267284,-1.9667286,-1.3167285,-0.61672854,-0.08672851,0.3732715,1.0932715,1.7132715,1.9332715,1.9732715,2.0732715,2.1832714,2.0732715,1.9332715,2.1932714,2.4832716,2.2132714,1.6832715,1.5332714,1.8432715,2.1832714,1.9332715,1.6532714
0.69327146,-0.19672851,-0.44672853,0.6632715,1.7332715,1.5632715,0.3832715,-0.7667285,-1.1667285,-1.1467285,-0.8867285,-0.2867285,0.0132714845,-0.5867285,-0.8567285,0.50327146,2.0632715,2.0832715,0.9032715,-0.09672852,-0.9167285,-1.6367285,-1.6467285,-0.74672854,-0.10672852,-0.5967285,-1.3967285,-1.6367285,-1.3967285,-1.4667286,-1.9467285,-2.3967285,-2.5367286,-2.4067285,-2.3167286,-2.2267284,-2.0467286,-1.4067285,-0.6967285,0.033271484,0.6432715,1.0032715,1.2632715,1.5132715,1.7132715,1.9232715,1.9032714,1.6932715,1.3632715,1.3332715,1.9732715,2.5332716,2.5132716,1.7432715,1.3432715,1.6632714,1.8632715,1.7932715,1.4132714
0.023271484,-0.20672852,0.24327148,0.7632715,0.42327148,-0.4067285,-1.1867285,-1.2567285,-0.9067285,-0.3067285,0.14327149,0.0032714843,-0.4367285,-0.16672851,1.2332715,2.3532715,2.8432715,2.3132715,0.8332715,-0.62672853,-1.6267285,-1.4167285,-0.4967285,-0.17672852,-1.0167285,-2.0267286,-2.2467284,-2.0767286,-1.6467285,-1.5567285,-1.8867285,-2.0967286,-1.9567285,-1.6867285,-1.4967285,-1.1667285,-0.6367285,0.053271484,0.7632715,1.2232715,1.3332715,1.0132715,0.5132715,0.27327147,0.4032715,0.8432715,1.3332715,1.6232715,1.6032715,1.6332715,2.0432715,2.4632714,2.3932714,1.7732714,1.1732715,1.2332715,1.4332715,1.3032715,1.1032715
-1.0367285,-0.7067285,-0.09672852,-0.0067285155,-0.5367285,-1.0167285,-0.9867285,-0.7367285,-0.6067285,-0.3067285,0.11327148,0.22327149,0.2532715,0.7632715,1.5132715,1.7532715,1.4532715,0.9632715,0.17327148,-0.87672853,-1.2867285,-0.42672852,0.48327148,0.3432715,-0.7367285,-1.4367285,-1.5167285,-1.0967286,-0.5267285,-0.5167285,-0.8967285,-1.0567285,-0.75672853,-0.3167285,0.07327148,0.45327148,0.9632715,1.1832715,1.3932714,1.3432715,0.87327147,-0.026728516,-0.6767285,-0.99672854,-0.80672854,-0.17672852,0.87327147,1.8132715,1.9932715,1.4632715,0.9732715,1.4732715,2.2132714,2.0532715,1.4232715,0.9732715,0.7732715,0.56327146,0.4032715
-1.5867286,-1.2367285,-0.7667285,-0.7367285,-1.0667285,-1.2167286,-0.9467285,-0.7267285,-0.6367285,-0.45672852,0.2832715,1.0132715,1.2232715,0.7832715,0.16327149,-0.056728516,-0.116728514,-0.41672853,-0.9267285,-1.4067285,-1.5267285,-0.99672854,-0.20672852,0.3732715,0.5232715,0.30327147,-0.08672851,-0.22672851,0.0132714845,0.11327148,0.14327149,0.56327146,1.4032714,1.7832714,1.3632715,1.1032715,1.0532715,1.0132715,0.7732715,0.2532715,-0.41672853,-0.87672853,-0.9167285,-0.8367285,-0.7367285,-0.41672853,0.5232715,1.5932715,1.9532715,0.7632715,-0.9267285,-0.7767285,1.1632714,2.4632714,2.5732715,1.7932715,1.0632715,0.7932715,0.4032715
-1.2667285,-0.8467285,-0.56672853,-0.6067285,-1.0967286,-1.3267285,-1.0767285,-0.3767285,-0.0067285155,0.39327148,1.0332714,1.5232714,1.3332715,0.023271484,-1.4167285,-1.6767285,-1.1267285,-0.6567285,-0.80672854,-1.2367285,-1.6967285,-1.6367285,-0.7867285,0.6432715,1.8832715,1.6932715,1.0932715,0.14327149,-0.42672852,-0.17672852,0.4732715,1.1432714,1.3932714,1.0832715,0.5232715,0.17327148,0.103271484,0.0132714845,-0.3367285,-0.80672854,-1.1667285,-1.2667285,-0.8467285,0.0032714843,0.3732715,0.32327148,0.8032715,1.7232715,2.1332715,1.1832715,-0.9667285,-1.9067285,0.09327149,2.6532714,4.0632715,4.0832715,2.1832714,1.6032715,1.0732715
-0.056728516,-0.036728516,-0.3067285,-0.62672853,-1.2467285,-1.7467285,-1.0367285,-0.18672852,0.4132715,0.99327147,1.1132715,0.68327147,0.3832715,0.15327148,-0.5167285,-0.8567285,-0.5467285,-0.076728515,-0.21672851,-0.8267285,-1.2067285,-0.9867285,-0.56672853,-0.2867285,-0.19672851,-0.21672851,-0.4967285,-1.2767285,-1.5767285,-1.3767285,-1.0767285,-1.0167285,-1.2867285,-1.2967285,-1.0067285,-0.75672853,-0.80672854,-0.86672854,-0.8867285,-0.9067285,-0.9267285,-0.81672853,-0.3767285,0.4132715,0.88327146,0.9532715,1.1732715,1.6832715,1.9832715,1.6332715,-0.056728516,-1.3467286,-0.35672852,2.4932716,4.4532714,4.6232715,2.2432716,1.8732715,1.8332715
0.5532715,-0.4367285,-1.0967286,-1.4067285,-1.5267285,-1.3867285,-0.9167285,-0.5167285,0.053271484,0.93327147,1.1532714,0.4332715,-0.16672851,-0.13672851,-0.076728515,-0.17672852,-0.12672852,-0.016728515,-0.21672851,-0.5467285,-0.44672853,-0.15672852,-0.62672853,-1.7767285,-2.8167286,-3.2167284,-3.4067285,-2.8267286,-2.3267286,-1.3867285,-1.2067285,-1.7367285,-1.8067285,-1.2967285,-0.7167285,-0.6367285,-0.8467285,-0.7867285,-0.5267285,-0.3467285,-0.18672852,0.08327148,0.36327147,0.75327146,0.9532715,0.87327147,0.9532715,1.2132715,1.6932715,1.4732715,0.32327148,-0.9467285,-0.16672851,2.2132714,3.6232715,3.2932715,1.6932715,1.2832714,1.7332715
-0.3067285,-1.0867286,-1.4267285,-1.4267285,-1.1867285,-0.7267285,-0.3767285,-0.22672851,0.08327148,0.7732715,1.0732715,0.4032715,-0.44672853,-0.61672854,-0.076728515,0.053271484,-0.26672852,-0.5267285,-0.41672853,-0.10672852,0.16327149,0.023271484,-0.5767285,-1.3367286,-1.6167285,-1.6367285,-2.1867285,-2.1667285,-1.4167285,-0.036728516,0.18327148,-0.8267285,-1.2467285,-0.7667285,-0.26672852,-0.036728516,0.19327149,0.50327146,0.81327146,0.9032715,0.8632715,0.63327146,0.33327147,0.13327149,0.20327148,0.29327148,0.27327147,0.42327148,0.8932715,1.1932715,1.0032715,0.7132715,1.1432714,2.0532715,2.6932714,2.2932715,1.7832714,1.7832714,1.8732715
-0.7667285,-0.80672854,-0.7167285,-0.6667285,-0.6467285,-0.3667285,0.09327149,0.20327148,0.043271486,0.16327149,0.4632715,0.2832715,-0.22672851,-0.2767285,0.033271484,-0.12672852,-0.7367285,-1.0967286,-0.7367285,-0.19672851,0.16327149,0.26327148,0.0032714843,-0.42672852,-0.7067285,-0.8267285,-0.9067285,-1.2167286,-1.1167285,-0.6367285,-0.5267285,-0.8267285,-0.62672853,0.0032714843,0.49327147,1.1332715,1.4132714,1.2832714,0.9832715,0.6732715,0.4632715,0.15327148,-0.3067285,-0.6767285,-0.7767285,-0.6367285,-0.5367285,-0.35672852,0.2532715,1.1532714,2.0232716,2.2432716,2.3932714,2.1332715,1.7532715,1.4332715,1.5032715,1.8432715,2.1832714
-0.75672853,-0.56672853,-0.26672852,-0.076728515,-0.076728515,0.0032714843,0.27327147,0.21327148,-0.17672852,-0.26672852,0.14327149,0.4432715,0.24327148,-0.06672852,-0.21672851,-0.4967285,-0.8867285,-1.1867285,-0.9767285,-0.86672854,-0.44672853,-0.026728516,-0.35672852,-1.0467285,-1.4867285,-1.5867286,-1.6267285,-1.7067285,-1.5667285,-0.9767285,-0.3667285,0.07327148,0.5432715,0.87327147,0.6132715,0.5332715,0.5132715,0.14327149,-0.4667285,-0.8367285,-0.7667285,-0.62672853,-0.7267285,-1.0367285,-1.0367285,-0.8567285,-0.6467285,-0.06672852,1.0132715,2.1432714,3.1032715,3.1132715,2.1832714,1.5332714,1.3432715,1.4732715,1.8532715,2.0432715,2.3332715
-0.38672853,-0.41672853,-0.24672851,-0.056728516,0.0132714845,0.043271486,0.12327149,0.043271486,-0.18672852,-0.21672851,0.033271484,0.26327148,0.22327149,-0.14672852,-0.62672853,-0.8967285,-0.8567285,-0.81672853,-0.9167285,-1.0867286,-1.0967286,-1.0567285,-1.2367285,-1.5667285,-1.6167285,-1.2467285,-0.9267285,-1.0667285,-0.8567285,0.21327148,1.3032715,1.3332715,0.8532715,0.17327148,-0.61672854,-1.0767285,-1.0667285,-0.99672854,-1.0867286,-1.2167286,-1.0667285,-0.68672854,-0.5367285,-0.4967285,-0.44672853,-0.35672852,-0.18672852,0.39327148,1.5032715,2.5132716,3.0332716,2.2832716,1.2232715,0.9732715,1.6032715,2.2832716,2.6532714,2.6832714,2.6832714
0.5932715,0.3832715,0.16327149,0.0132714845,0.0032714843,0.033271484,-0.06672852,-0.18672852,-0.14672852,0.0132714845,0.053271484,-0.0067285155,0.0032714843,-0.08672851,-0.48672852,-0.7067285,-0.6067285,-0.41672853,-0.5167285,-0.74672854,-0.8967285,-0.9467285,-0.81672853,-0.9767285,-1.0367285,-0.6367285,-0.3767285,-0.48672852,-0.13672851,0.8232715,1.2332715,0.6732715,-0.116728514,-0.80672854,-1.3067285,-1.5167285,-1.2767285,-1.0467285,-1.0667285,-1.0067285,-0.7767285,-0.56672853,-0.4067285,-0.23672852,0.063271485,0.17327148,0.16327149,0.5232715,1.3032715,2.1432714,2.4132714,2.1032715,1.5132715,1.2632715,1.8632715,2.4832716,2.5932715,2.4232714,2.2432716
1.3632715,1.1532714,0.8432715,0.6032715,0.5732715,0.48327148,0.12327149,-0.09672852,0.103271484,0.3732715,0.35327148,0.22327149,0.30327147,0.50327146,0.45327148,0.2832715,0.17327148,0.14327149,-0.016728515,-0.35672852,-0.62672853,-0.56672853,-0.4067285,-0.45672852,-0.5167285,-0.7367285,-0.9867285,-0.93672854,-0.5367285,-0.32672852,-0.7367285,-1.2667285,-1.6267285,-1.7767285,-1.5867286,-1.2567285,-0.7967285,-0.80672854,-0.9867285,-0.93672854,-0.7667285,-0.7867285,-0.8467285,-0.4367285,0.3732715,0.8432715,0.9632715,1.3932714,2.0932715,2.5632715,3.0432715,2.7432716,2.6132715,2.5732715,2.1832714,2.1132715,2.7032714,2.3632715,1.6832715
1.7732714,1.4232715,1.2832714,1.2832714,1.2332715,0.9632715,0.5432715,0.42327148,0.6632715,0.8532715,0.8632715,0.8632715,0.9532715,1.0932715,1.3732715,1.2832714,0.87327147,0.29327148,-0.2867285,-0.87672853,-1.4067285,-1.7267286,-1.6567285,-1.2967285,-1.0267285,-1.2867285,-1.8667285,-2.1567285,-1.8767285,-1.9367285,-2.0267286,-2.3167286,-2.0967286,-1.8467286,-1.5767285,-0.7867285,-0.39672852,-0.7767285,-1.1667285,-1.0367285,-0.38672853,-0.22672851,-0.20672852,0.3832715,1.5932715,2.0832715,2.0632715,1.9332715,2.6532714,3.4532714,2.8432715,2.1132715,1.7532715,2.1032715,1.8032715,1.7432715,1.6232715,1.2532715,0.68327147
2.5532715,2.0532715,1.7132715,1.6532714,1.3732715,0.8232715,0.3432715,0.2832715,0.69327146,1.2432715,1.8432715,2.0332716,2.0332716,1.6532714,1.1332715,0.4332715,-0.24672851,-0.81672853,-1.3367286,-1.6867285,-1.9367285,-2.3267286,-2.2967286,-2.3467286,-2.0167284,-1.9567285,-2.1567285,-2.2467284,-1.9167285,-2.0567286,-2.1467285,-1.9967285,-1.4467285,-1.0767285,-0.87672853,-0.8567285,-0.8267285,-1.0067285,-0.93672854,-0.5367285,0.4132715,1.2032715,1.9332715,2.4332714,2.9332714,2.1932714,1.7032715,1.2932715,1.5832715,1.9732715,2.1332715,1.7332715,1.5332714,1.7632715,1.4632715,0.9632715,0.39327148,-0.26672852,-1.0167285
3.3632715,2.7332716,1.9432715,1.7132715,1.1232715,0.4432715,-0.036728516,0.07327148,0.8532715,1.9732715,2.9632714,2.4132714,1.9132714,1.2432715,0.07327148,-0.6667285,-1.0267285,-1.2567285,-1.5467285,-1.5867286,-1.7367285,-1.9667286,-2.2967286,-2.6567285,-2.4267285,-2.0867286,-2.0067284,-1.8667285,-1.7367285,-1.7067285,-1.6067286,-1.3267285,-1.1267285,-1.1767285,-1.3367286,-1.4767286,-1.3267285,-0.7367285,-0.2767285,0.22327149,1.1932715,2.2832716,2.7332716,3.0732715,2.2532716,1.6032715,1.1532714,0.9032715,0.9632715,1.4032714,1.7932715,1.6832715,1.2732714,0.7732715,0.09327149,-0.56672853,-1.0567285,-1.4167285,-1.6267285
