GIS/scripts/widgets/windy/json/gfs.json
{"header": { "discipline":0, "disciplineName":"Meteorological products", "gribEdition":2, "gribLength":61279, "center":7, "centerName":"US National Weather Service - NCEP(WMC)", "subcenter":0, "refTime":"2018-01-09T00:00:00.000Z", "significanceOfRT":1, "significanceOfRTName":"Start of forecast", "productStatus":0, "productStatusName":"Operational products", "productType":1, "productTypeName":"Forecast products", "productDefinitionTemplate":0, "productDefinitionTemplateName":"Analysis/forecast at horizontal level/layer at a point in time", "parameterCategory":2, "parameterCategoryName":"Momentum", "parameterNumber":3, "parameterNumberName":"V-component_of_wind", "parameterUnit":"m.s-1", "genProcessType":2, "genProcessTypeName":"Forecast", "forecastTime":32, "surface1Type":103, "surface1TypeName":"Specified height level above ground", "surface1Value":10.0, "surface2Type":255, "surface2TypeName":"Missing", "surface2Value":0.0, "gridDefinitionTemplate":0, "gridDefinitionTemplateName":"Latitude_Longitude", "numberPoints":40733, "shape":6, "shapeName":"Earth spherical with radius of 6,371,229.0 m", "gridUnits":"degrees", "resolution":48, "winds":"true", "scanMode":64, "nx":253, "ny":161, "basicAngle":0, "lo1":72.0, "la1":15.0, "lo2":135.0, "la2":55.0, "dx":0.25, "dy":0.25 }, "data":
[rows 78 to 103 of 161, columns 114 to 170 of 253]
-4.4018507,-5.1218505,-5.4118505,-5.2618504,-5.4218507,-5.6218505,-5.1718507,-4.5418506,-4.2918506,-4.6518507,-4.531851,-3.6718507,-3.6418505,-4.6618505,-4.3318505,-2.3818505,-1.1918505,-0.8718506,-0.7118506,-0.5818506,-0.9118506,-1.5018506,-2.1618507,-2.0018506,-1.8918506,-0.7618506,0.2681494,0.33814943,0.118149415,0.15814942,0.4481494,0.64814943,0.9181494,1.5281494,2.4881494,3.5681493,3.2781494,1.4081494,-1.2818506,-2.7318506,-2.4518507,-1.8818506,-1.8118505,-1.3318505,-1.1818506,-1.2518506,-1.5318506,-1.7918506,-1.8118505,-1.3918506,-1.2018505,-1.2018505,-1.0518506,-1.1318506,-1.5118506,-1.8218505,-1.7918506
-5.6518507,-5.9218507,-5.8418508,-5.7118506,-5.8418508,-5.7318506,-5.3118505,-4.7518506,-4.5418506,-4.9118505,-4.5418506,-3.5518506,-2.2018507,-2.0318506,-1.9918506,-1.8118505,-1.4318506,-0.7618506,-0.0018505859,0.37814942,0.038149413,-0.6918506,-1.5718505,-1.8518506,-1.1818506,-0.3818506,0.9281494,1.1381494,0.12814942,-0.6418506,-0.47185057,-0.23185058,0.048149414,0.88814944,2.2581494,3.6981494,4.2781496,3.7681494,2.0281494,0.7181494,-0.08185059,-0.3818506,-0.60185057,-1.0918506,-1.4418505,-1.5218506,-1.3918506,-0.92185056,0.16814941,1.3281494,1.4481494,0.5581494,-0.3918506,-1.0018506,-1.4318506,-1.4318506,-1.2818506
-4.8318505,-4.9418507,-5.5618505,-5.7518506,-4.8518505,-3.5918505,-3.6618507,-4.4518504,-4.8618507,-4.5818505,-4.301851,-3.4018507,-2.7218506,-1.7718506,-1.2018505,-1.1318506,-1.0618505,-0.6818506,0.08814941,0.9881494,1.2781494,0.7481494,-0.54185057,-1.3818506,-1.6918505,-1.7318506,-0.07185058,0.69814944,-0.061850585,-0.4518506,-0.3318506,-0.60185057,-1.1618506,-0.85185057,0.5881494,2.2781494,3.6281495,3.9281495,3.4981494,3.2681494,2.4581494,1.4181495,0.5981494,-0.2918506,-1.0018506,-1.3018506,-0.8318506,-0.101850584,0.9381494,1.7581494,1.8281494,0.9881494,-0.2018506,-0.8218506,-0.9018506,-0.5718506,-0.2918506
-2.5918505,-2.4718506,-2.8018506,-3.0518506,-2.6418505,-1.8718506,-2.4518507,-4.0018506,-4.1918507,-2.8918505,-1.8718506,-1.7618506,-1.7618506,-1.4318506,-0.54185057,-0.2718506,-0.55185056,-0.86185056,-0.5618506,0.18814941,0.7281494,0.17814942,-0.7118506,-1.3918506,-2.4618506,-3.4518507,-2.8418505,-2.0218506,-1.4918506,-0.73185056,-0.4218506,-0.7018506,-1.6818506,-2.2118506,-1.4218506,-0.031850588,1.2981495,2.2381494,2.8981495,3.6981494,3.7281494,2.7581494,2.0581493,1.0881494,-0.7218506,-1.7418506,-1.1318506,-0.7718506,-1.2018505,-1.9018506,-2.0918505,-1.7218506,-0.9418506,-0.021850586,0.5481494,0.9281494,0.9281494
-3.2618506,-3.8418505,-2.8318505,-1.7518506,-2.2118506,-2.8618505,-3.5418506,-4.0818505,-3.9418507,-3.0318506,-1.7618506,-0.7518506,-0.5718506,-0.6818506,-0.5718506,-0.7618506,-1.0718505,-1.0218506,-0.9318506,-1.0218506,-1.1118506,-1.5918506,-2.1418505,-2.1818507,-2.9218507,-3.7118506,-3.7118506,-3.0818505,-2.3318505,-1.8018506,-1.4918506,-1.4118506,-1.8118505,-2.1218505,-2.1018505,-1.7018505,-1.5018506,-1.2818506,-0.5218506,1.0881494,2.5281494,2.5081494,2.3481493,2.2181494,0.63814944,-0.92185056,-1.4218506,-2.1718507,-3.1418505,-3.7318506,-4.5218506,-4.2518506,-2.0218506,0.21814941,1.4981494,1.7781494,1.2981495
-4.551851,-4.781851,-3.5318506,-2.0518506,-2.2718506,-3.0618505,-2.7818506,-1.7318506,-0.9318506,-1.2018505,-1.1118506,-0.40185058,-0.22185059,-0.8318506,-1.4318506,-1.9018506,-1.1418506,-0.3018506,-0.55185056,-1.1918505,-1.6018506,-1.9118506,-2.7918506,-3.6418505,-3.8818505,-3.5518506,-3.3518505,-2.9318507,-2.9818506,-2.8618505,-2.6418505,-2.3818505,-2.6218505,-2.8518505,-2.2818506,-1.8218505,-1.9018506,-2.3718505,-2.4118507,-1.9118506,-1.0818505,-0.49185058,0.27814943,1.4781494,1.6681495,0.5081494,-1.1218506,-2.6118505,-3.5318506,-2.7818506,-2.9718506,-3.3418505,-2.0218506,-0.16185059,0.6781494,0.34814942,-0.3018506
-3.5618505,-1.9618506,-1.0518506,0.06814942,1.0081494,0.22814941,-0.61185056,0.2681494,1.2681494,1.2481494,0.5981494,0.6281494,0.5381494,-0.12185059,-1.0818505,-1.2318506,-0.7518506,-0.40185058,-0.7418506,-1.1518506,-1.5718505,-2.2818506,-3.8418505,-5.6018505,-5.7918506,-4.4718504,-3.4218507,-3.1018505,-3.2318506,-3.5118506,-3.6318505,-3.1818507,-3.0818505,-3.2318506,-2.8618505,-1.8918506,-1.7418506,-1.9218506,-2.0118506,-1.7218506,-1.8918506,-2.2018507,-2.3718505,-1.0618505,0.34814942,0.37814942,-0.7618506,-2.1718507,-2.6318505,-1.8318505,-1.2918506,-1.3218505,-1.3218505,-1.3018506,-1.1618506,-1.7018505,-2.1318505
-1.3918506,0.33814943,0.89814943,0.9081494,1.2781494,1.1081494,0.06814942,-0.5718506,-0.5318506,-0.0018505859,0.8781494,1.2981495,0.95814943,0.4181494,0.25814942,0.08814941,-0.44185057,-1.1118506,-1.4618506,-1.4518505,-1.9318506,-3.5518506,-5.1718507,-6.5218506,-6.5918508,-5.4118505,-4.5918508,-3.8818505,-3.4618506,-3.4118507,-3.3518505,-3.4518507,-3.6818507,-3.7318506,-3.0418506,-2.5418506,-2.1418505,-2.0618505,-1.8718506,-1.2118506,-1.1318506,-1.6418506,-2.6418505,-2.7418506,-2.0018506,-0.8718506,-0.18185058,-0.15185058,-0.61185056,-1.1218506,-0.92185056,-0.8118506,-1.6818506,-3.0918505,-3.2518506,-2.9818506,-2.4818506
-3.2218506,-2.0318506,-0.9618506,-0.80185056,-0.16185059,0.88814944,0.76814944,0.17814942,0.43814942,1.5481495,2.3281493,1.8181494,0.69814944,0.06814942,0.34814942,0.8481494,0.7181494,-0.21185058,-1.2818506,-2.0318506,-3.3518505,-5.0018506,-6.321851,-6.7318506,-6.5418506,-5.9418507,-5.2118506,-4.7418504,-4.4418507,-4.031851,-3.8218505,-3.9118507,-4.0918508,-3.7918506,-3.3218505,-2.4918506,-1.9618506,-2.0918505,-2.1518507,-2.0518506,-1.7518506,-1.5018506,-1.7118506,-2.1518507,-2.9018507,-2.3818505,-1.3318505,-0.5818506,-0.7818506,-1.9918506,-2.5718505,-2.3018506,-2.4018507,-3.0918505,-3.2218506,-2.9118507,-2.1818507
-3.2018507,-2.4018507,-2.1918507,-1.6418506,0.33814943,2.2381494,1.7181494,0.14814942,-0.3818506,0.7881494,2.2181494,2.1581495,1.3481494,0.6681494,0.3281494,0.22814941,0.34814942,-0.021850586,-1.2318506,-2.7318506,-4.3418508,-5.8818507,-6.7718506,-6.1818504,-5.3618507,-5.3318505,-5.4118505,-5.6018505,-5.4718504,-4.7418504,-4.2318506,-4.0618505,-3.8618505,-3.4718506,-3.0518506,-2.6218505,-2.0218506,-1.7618506,-2.1218505,-2.5318506,-2.8518505,-2.6518507,-2.4918506,-2.0918505,-2.5418506,-2.9118507,-2.3518505,-3.1518507,-2.9818506,-3.1918507,-3.6818507,-3.5418506,-3.6118505,-3.0918505,-2.8818505,-3.0218506,-2.7418506
-1.3418506,-1.1218506,-1.4318506,-1.8318505,-1.1418506,0.5881494,0.9381494,-0.19185059,-0.8818506,-0.31185058,0.8081494,1.0181494,0.7281494,0.028149415,-0.7618506,-1.5518506,-1.8818506,-2.1118505,-2.6718507,-3.9118507,-5.0818505,-6.1118507,-6.3118505,-5.1418505,-4.2518506,-4.8718505,-5.3318505,-5.6818504,-5.4418507,-4.8918505,-4.5218506,-4.4318504,-4.1918507,-3.6818507,-3.4018507,-3.4018507,-3.2518506,-2.9018507,-3.0018506,-3.2418506,-3.3118505,-3.1418505,-3.2918506,-3.4918506,-2.9918506,-1.1818506,-0.2618506,-1.5718505,-2.8918505,-3.5418506,-3.7218506,-4.1618505,-4.3318505,-3.8418505,-3.4818506,-3.2318506,-3.2018507
-0.7018506,-0.9518506,-1.4718506,-2.5518506,-2.4118507,-1.2318506,0.20814942,0.3981494,-0.08185059,-0.85185057,-1.2618506,-1.3618506,-1.6818506,-2.0118506,-2.7018507,-3.2218506,-3.1318505,-2.9118507,-3.3118505,-4.7018504,-5.781851,-6.0918508,-5.2618504,-3.7218506,-3.5118506,-4.1118507,-4.7218504,-4.6418505,-4.4618506,-4.4518504,-4.4718504,-4.4618506,-4.2918506,-4.0018506,-3.7618506,-3.7518506,-3.9118507,-4.071851,-4.2018504,-4.1418505,-3.4318507,-2.5418506,-2.5518506,-3.6518507,-4.3118505,-0.9118506,2.5481493,2.7881494,-0.031850588,-3.3418505,-4.9318504,-5.2318506,-4.6218505,-4.6518507,-4.5218506,-3.7018507,-3.1518507
-1.8918506,-1.6818506,-1.6218506,-1.8318505,-1.3618506,-0.5918506,-0.3318506,-0.5218506,-1.0118506,-1.1518506,-1.2218506,-1.4418505,-1.8918506,-2.5418506,-3.4418507,-3.8918505,-3.3618505,-2.7018507,-2.7918506,-3.8618505,-4.6918507,-4.4918504,-3.7318506,-3.1218505,-2.9218507,-2.8318505,-2.7018507,-2.7218506,-2.5918505,-2.9918506,-3.2418506,-3.2118506,-2.9818506,-3.1018505,-3.4218507,-3.8618505,-4.2218504,-4.3318505,-4.3618507,-4.2218504,-3.5718505,-2.5818505,-1.8718506,-2.5618505,-2.9818506,-1.6818506,0.37814942,1.4081494,0.12814942,-2.3618505,-4.0018506,-4.2418504,-4.6718507,-5.1318507,-5.4418507,-4.7218504,-3.6718507
-2.9218507,-1.8818506,-0.9518506,-0.12185059,0.018149413,-0.3918506,-0.7418506,-0.9418506,-0.86185056,-0.5618506,-0.4218506,-0.6318506,-1.0618505,-1.5218506,-2.0718505,-2.6618507,-3.3518505,-3.3318505,-3.4518507,-4.1418505,-4.8418508,-4.7218504,-3.7118506,-2.9818506,-2.4118507,-1.9418505,-1.8018506,-1.8318505,-1.8218505,-1.9718506,-2.1718507,-2.1618507,-2.1118505,-2.5118506,-3.1618507,-3.9218507,-4.4318504,-4.3918505,-4.071851,-3.7618506,-3.4018507,-2.7718506,-1.8518506,-1.3418506,-1.1818506,-2.1818507,-3.3418505,-3.5518506,-2.7618506,-2.4818506,-2.1618507,-2.3418505,-3.0418506,-4.2618504,-5.3418508,-4.9518504,-3.9618506
-1.5018506,-0.9318506,-0.98185056,-1.2618506,-1.4218506,-1.3518506,-0.7118506,0.118149415,0.49814942,0.4781494,0.16814941,-0.40185058,-0.9118506,-1.2118506,-1.4218506,-1.8118505,-2.4718506,-3.3918505,-4.1718507,-4.5218506,-5.5118504,-5.3318505,-3.7118506,-2.1218505,-1.1418506,-0.7818506,-0.9418506,-1.4018506,-1.7118506,-1.9918506,-2.3318505,-2.7918506,-2.9318507,-2.9918506,-3.1718507,-3.4918506,-3.7318506,-3.7318506,-3.6118505,-3.3418505,-3.0718505,-2.6018505,-1.8618506,-0.9018506,-0.79185057,-2.5318506,-4.2218504,-5.4218507,-4.2018504,-3.6518507,-3.2118506,-3.6318505,-4.4418507,-5.5018506,-5.3918505,-3.9218507,-2.0918505
-0.23185058,-1.0418506,-1.7518506,-2.1118505,-2.0518506,-1.5818505,-0.7718506,-0.17185059,-0.041850585,-0.2718506,-0.7518506,-1.3918506,-1.8918506,-2.1318505,-2.2118506,-2.3518505,-2.6818507,-2.9318507,-3.3218505,-3.6218505,-5.1318507,-4.7518506,-2.8818505,-0.6818506,0.46814942,0.5881494,-0.031850588,-1.0618505,-1.9418505,-2.5618505,-3.1618507,-3.7018507,-3.9918506,-4.1118507,-4.0618505,-3.8418505,-3.6618507,-3.4818506,-3.5318506,-3.3118505,-2.6618507,-1.8418506,-1.2718506,-0.9718506,-1.6218506,-3.0618505,-4.0618505,-3.9118507,-3.0818505,-3.2318506,-4.301851,-5.3618507,-6.0918508,-5.3318505,-2.8018506,0.028149415,1.5781494
-0.73185056,-1.3718506,-1.4118506,-1.1318506,-1.5218506,-1.8318505,-1.8918506,-2.0718505,-2.3518505,-2.5318506,-2.8718505,-3.3118505,-3.5318506,-3.4518507,-3.1818507,-2.9518507,-2.9118507,-2.8018506,-2.3618505,-2.3918505,-3.5218506,-3.8118505,-1.9818506,0.22814941,1.7681494,1.8181494,0.6581494,-1.1218506,-2.6018505,-3.4818506,-3.9218507,-4.0818505,-4.2218504,-4.4018507,-4.3818507,-4.3418508,-3.9818506,-3.6918507,-3.6518507,-3.3018506,-2.7818506,-1.4618506,-0.6318506,-1.3218505,-3.0018506,-3.9818506,-3.2818506,-1.7118506,-1.4418505,-2.2618506,-3.7518506,-4.7018504,-4.6618505,-2.8218505,0.5281494,2.9081495,3.5481493
-1.5518506,-1.6018506,-0.7118506,-0.16185059,-0.80185056,-1.8318505,-2.8418505,-3.4818506,-3.8318505,-4.1218505,-4.3518505,-4.5418506,-4.2718506,-3.8218505,-3.2018507,-2.6918507,-2.5218506,-2.4018507,-1.8918506,-1.3018506,-1.5118506,-2.2818506,-2.2418506,-0.7118506,1.2981495,1.7281494,0.5881494,-1.3618506,-2.8118505,-3.6318505,-4.0018506,-4.071851,-4.1418505,-4.5118504,-4.7918506,-4.7918506,-4.5918508,-4.2218504,-3.8618505,-3.6218505,-3.0818505,-1.8318505,-0.8718506,-1.2318506,-2.6018505,-3.1418505,-2.8718505,-3.0118506,-3.6618507,-4.8618507,-5.8418508,-5.5218506,-4.3418508,-2.4418507,-0.46185058,0.9281494,1.0381494
-1.3818506,-1.3918506,-1.1518506,-1.2118506,-1.6618506,-2.3718505,-3.2118506,-3.8418505,-4.4118505,-4.8618507,-4.7718506,-4.4418507,-3.9618506,-3.3118505,-2.6118505,-2.0318506,-1.8118505,-1.7818506,-1.3318505,-0.091850586,1.3981494,1.2681494,-0.4218506,-1.5718505,-1.0818505,-0.6518506,-1.4318506,-2.5518506,-3.3218505,-3.7118506,-3.9818506,-4.2618504,-4.4218507,-4.4918504,-4.9518504,-4.9918504,-4.7418504,-4.3718505,-4.0118504,-3.7618506,-3.2918506,-2.2618506,-1.8518506,-1.9018506,-1.9818506,-1.9218506,-2.0418506,-3.5618505,-5.4518504,-6.1218505,-6.0918508,-4.9618506,-3.9618506,-3.2418506,-3.6918507,-3.8318505,-3.9818506
0.2981494,0.30814943,-0.5818506,-1.7318506,-2.4918506,-3.2318506,-3.9218507,-4.3918505,-4.6818504,-4.1718507,-3.3318505,-2.6818507,-2.1918507,-1.8418506,-1.5118506,-1.2618506,-1.0818505,-1.0718505,-0.7518506,0.5581494,2.7581494,4.0481496,2.7981493,0.038149413,-1.7518506,-2.9818506,-4.0218506,-4.571851,-4.4218507,-4.1918507,-4.2518506,-4.6418505,-5.031851,-5.2118506,-5.1318507,-4.801851,-4.5818505,-4.4518504,-4.2518506,-4.0818505,-3.9518507,-3.6318505,-3.4818506,-3.2018507,-2.8418505,-2.4118507,-2.3718505,-3.1818507,-4.1218505,-4.2118506,-3.9218507,-3.9018507,-3.8218505,-4.0118504,-4.8318505,-6.1618505,-7.2918506
-0.08185059,-0.24185058,-1.0818505,-2.0818505,-2.7118506,-2.9918506,-3.0418506,-3.2418506,-3.4818506,-2.9818506,-1.8918506,-1.0218506,-0.61185056,-0.5118506,-0.61185056,-0.8318506,-1.0018506,-1.1018506,-0.92185056,-0.031850588,1.5881494,2.9781494,3.0581493,1.6181494,-0.3818506,-2.3218505,-3.3818505,-4.1018505,-4.2018504,-4.1818504,-4.4218507,-4.8518505,-5.3118505,-5.4118505,-5.2018504,-4.7918506,-4.6618505,-4.8318505,-5.0218506,-4.9218507,-4.7318506,-4.2518506,-4.2518506,-3.6818507,-3.2618506,-3.0318506,-3.2418506,-4.031851,-4.5918508,-4.0218506,-3.3418505,-3.8318505,-4.4818506,-5.321851,-5.5818505,-6.8518505,-8.71185
-1.4718506,-1.6218506,-2.1018505,-2.4118507,-2.5218506,-2.2918506,-1.7318506,-1.1318506,-0.9618506,-1.4018506,-2.2918506,-2.6518507,-2.6618507,-2.2118506,-1.8918506,-1.9718506,-2.3018506,-2.6218505,-2.7118506,-2.0918505,-0.7018506,0.5581494,0.9981494,0.64814943,0.15814942,-0.2918506,-0.79185057,-1.6218506,-2.4218507,-3.1418505,-3.7218506,-4.1118507,-4.3518505,-4.4918504,-4.6218505,-4.8318505,-5.0818505,-5.5218506,-5.7018504,-5.6618505,-5.4118505,-4.9818506,-4.3718505,-3.6218505,-3.0018506,-2.8418505,-3.2918506,-4.1518507,-4.7718506,-4.6218505,-4.031851,-3.7018507,-3.8918505,-4.2018504,-5.1018505,-6.3618507,-7.4018507
-2.2018507,-2.1118505,-2.1418505,-2.0018506,-1.7518506,-1.3318505,-0.6618506,0.06814942,0.6081494,0.21814941,-1.2918506,-3.1318505,-4.2918506,-4.8318505,-4.3118505,-3.5318506,-3.2018507,-3.4118507,-3.7418506,-3.9518507,-2.8818505,-1.3918506,-0.49185058,-0.13185059,0.3281494,1.0781494,1.2481494,0.3881494,-0.9018506,-2.0118506,-2.7218506,-3.1218505,-3.2818506,-3.3518505,-3.7918506,-4.321851,-4.7918506,-4.9718504,-4.9818506,-4.8518505,-4.7218504,-3.8218505,-3.6218505,-2.8118505,-1.9318506,-1.6018506,-2.1018505,-3.0018506,-3.7718506,-4.3318505,-4.3518505,-4.1718507,-3.6518507,-3.2818506,-4.2018504,-5.4018507,-5.3518505
-1.4918506,-1.3318505,-1.2118506,-1.0118506,-0.73185056,-0.44185057,-0.051850587,0.40814942,0.8081494,0.8681494,0.4181494,-0.5218506,-1.8618506,-3.3018506,-3.9918506,-3.7518506,-3.2118506,-2.7518506,-3.0818505,-3.7918506,-4.4918504,-4.2418504,-3.2818506,-1.8218505,-0.091850586,1.5381494,2.3181493,1.7181494,0.37814942,-0.8118506,-1.5218506,-2.0218506,-2.3918505,-2.4518507,-2.7918506,-3.0518506,-3.0118506,-2.8518505,-2.9518507,-3.0518506,-2.7618506,-2.1718507,-1.9118506,-1.7118506,-1.4918506,-1.7018505,-2.4618506,-3.1918507,-3.8818505,-4.7618504,-5.6618505,-5.9718504,-5.6118507,-4.9218507,-5.4818506,-6.8718505,-7.3318505
-0.23185058,0.028149415,0.09814941,0.09814941,0.078149416,0.08814941,0.09814941,0.06814942,-0.041850585,-0.15185058,-0.16185059,0.09814941,0.14814942,-0.47185057,-1.5918506,-2.5918505,-2.8018506,-2.5918505,-2.0018506,-2.5018506,-3.8318505,-5.4718504,-6.1518507,-5.0018506,-2.6218505,0.30814943,2.0881493,2.3081493,1.4481494,0.5081494,-0.2018506,-0.79185057,-1.3818506,-2.0718505,-2.7418506,-3.0318506,-2.6718507,-2.3618505,-2.8418505,-3.5018506,-3.0818505,-1.9218506,-1.4018506,-1.3518506,-1.3018506,-1.9918506,-3.3118505,-4.1518507,-4.4618506,-4.8718505,-5.6818504,-6.5218506,-6.6318507,-7.071851,-7.0918508,-6.5618505,-6.7018504
-0.3618506,0.15814942,0.4481494,0.5481494,0.4281494,0.27814943,0.20814942,0.15814942,-0.061850585,-0.49185058,-0.8818506,-0.86185056,-0.5818506,-0.6218506,-1.3018506,-2.5718505,-3.5418506,-3.3518505,-2.4118507,-1.7118506,-2.0618505,-3.3318505,-4.9618506,-5.4218507,-4.2318506,-1.6618506,1.0481495,2.3781495,2.2181494,1.4481494,0.69814944,0.17814942,-0.14185059,-0.5818506,-1.3118505,-2.1418505,-2.8518505,-3.6018505,-5.0218506,-6.2318506,-6.1118507,-5.2018504,-4.6418505,-3.8918505,-3.1818507,-2.8918505,-2.7518506,-3.6318505,-4.551851,-5.071851,-5.6718507,-6.3618507,-6.821851,-7.2318506,-7.3718505,-6.6418505,-5.2718506
