GIS/scripts/widgets/windy/json/gfs.json
{"header": { "discipline":0, "disciplineName":"Meteorological products", "gribEdition":2, "gribLength":61279, "center":7, "centerName":"US National Weather Service - NCEP(WMC)", "subcenter":0, "refTime":"2018-01-09T00:00:00.000Z", "significanceOfRT":1, "significanceOfRTName":"Start of forecast", "productStatus":0, "productStatusName":"Operational products", "productType":1, "productTypeName":"Forecast products", "productDefinitionTemplate":0, "productDefinitionTemplateName":"Analysis/forecast at horizontal level/layer at a point in time", "parameterCategory":2, "parameterCategoryName":"Momentum", "parameterNumber":2, "parameterNumberName":"U-component_of_wind", "parameterUnit":"m.s-1", "genProcessType":2, "genProcessTypeName":"Forecast", "forecastTime":32, "surface1Type":103, "surface1TypeName":"Specified height level above ground", "surface1Value":10.0, "surface2Type":255, "surface2TypeName":"Missing", "surface2Value":0.0, "gridDefinitionTemplate":0, "gridDefinitionTemplateName":"Latitude_Longitude", "numberPoints":40733, "shape":6, "shapeName":"Earth spherical with radius of 6,371,229.0 m", "gridUnits":"degrees", "resolution":48, "winds":"true", "scanMode":64, "nx":253, "ny":161, "basicAngle":0, "lo1":72.0, "la1":15.0, "lo2":135.0, "la2":55.0, "dx":0.25, "dy":0.25 }, "data":
[rows 0 to 25 of 161, columns 118 to 176 of 253]
-5.7167287,-5.3967285,-5.4367285,-5.5467286,-5.3067284,-4.3567286,-2.3167286,-1.2767285,-2.5267286,-4.4467287,-4.7867284,-4.4467287,-4.0967283,-3.7867286,-3.1967285,-2.2467284,-1.5367285,-0.9067285,-0.32672852,-0.42672852,-1.0367285,-1.7667285,-1.3267285,-0.9567285,-1.0267285,-1.4567285,-1.2767285,-0.47672853,0.22327149,0.4732715,-0.6467285,-2.2567284,-2.4067285,-1.6767285,-2.1867285,-3.9667284,-5.4167285,-6.1267285,-6.5167284,-6.7667284,-6.9067287,-6.9367285,-6.9867287,-7.0667286,-7.1367283,-7.1267285,-6.9767284,-6.7467284,-6.6067286,-6.4967284,-6.3567286,-6.2567286,-6.2867284,-6.4367285,-6.5867286,-6.6667285,-6.6467285,-6.5167284,-6.3367286
-5.9767284,-5.8667283,-5.9667287,-5.9867287,-5.7067285,-5.3867283,-4.5067286,-3.9467285,-4.5267286,-5.2667284,-5.3667283,-5.4067287,-5.4267287,-5.2267284,-4.7067285,-4.1667285,-3.8967285,-3.2067285,-1.2167286,-0.5967285,-0.75672853,-1.3167285,-1.6967285,-1.8967285,-1.5567285,-1.2467285,-0.7967285,0.103271484,0.5732715,0.16327149,-2.2267284,-3.5567286,-3.0067284,-1.9567285,-2.1067286,-3.6467285,-5.3067284,-6.2567286,-6.7167287,-6.9167285,-6.9967284,-7.0267286,-7.0667286,-7.0567284,-7.0567284,-7.0267286,-6.8267283,-6.5667286,-6.4667287,-6.5167284,-6.4567285,-6.2767286,-6.1867285,-6.2267284,-6.3667283,-6.5267286,-6.6667285,-6.7267284,-6.6267285
-6.4567285,-6.3767285,-6.4867287,-6.5767283,-6.0967283,-5.8667283,-5.8167286,-5.5667286,-5.6067286,-5.7367287,-6.0367284,-6.4467287,-6.9167285,-6.9467287,-6.3167286,-5.3667283,-4.7667284,-3.5367286,-2.2167284,-1.1167285,-0.5967285,-1.0467285,-2.1367285,-2.7067285,-1.7367285,-1.0667285,-0.62672853,0.09327149,0.39327148,-1.4467285,-3.8867285,-4.3667283,-3.3567286,-2.3467286,-2.2667284,-3.4167285,-5.1167283,-6.3467283,-6.9167285,-7.0367284,-6.9767284,-6.9467287,-6.9667287,-6.9867287,-7.0067286,-6.9467287,-6.6767287,-6.3467283,-6.2767286,-6.4567285,-6.5167284,-6.3467283,-6.1867285,-6.1267285,-6.1667285,-6.2667284,-6.4867287,-6.7467284,-6.8467283
-6.8167286,-6.4667287,-6.5667286,-6.8467283,-6.3767285,-5.8667283,-5.6867285,-5.7767286,-5.8367286,-5.9267287,-6.3467283,-7.0367284,-7.9367285,-7.9367285,-7.5467286,-6.6667285,-5.1767287,-3.1067286,-3.5267286,-2.1667285,-1.1067286,-1.6567285,-2.1367285,-1.6867285,-0.99672854,-0.44672853,-0.2867285,0.0132714845,-0.7667285,-3.3367286,-5.0467286,-4.7767286,-3.6667285,-2.8267286,-2.6267285,-3.3467286,-4.9767284,-6.4367285,-7.1167283,-7.1267285,-6.8567286,-6.7467284,-6.8367286,-6.9367285,-6.9667287,-6.8867283,-6.5567284,-6.1767287,-6.1267285,-6.3567286,-6.4867287,-6.3767285,-6.2267284,-6.1867285,-6.1767287,-6.1367283,-6.1967287,-6.4567285,-6.7867284
-5.5767283,-5.3967285,-5.7367287,-6.3867283,-6.2667284,-5.7667284,-5.5467286,-5.7267284,-5.5667286,-5.5767283,-6.2067285,-6.9667287,-7.7167287,-8.136728,-8.3967285,-8.116729,-6.7667284,-4.4767284,-3.0767286,-2.3467286,-1.9567285,-2.1567285,-1.9067285,-1.1467285,-0.38672853,0.35327148,0.5332715,0.4332715,-1.9167285,-4.7067285,-5.6367283,-5.1167283,-4.1167283,-3.3967285,-3.0967286,-3.3867285,-4.7167287,-6.3967285,-7.2567286,-7.2267284,-6.8267283,-6.6567287,-6.7767286,-6.9367285,-6.9667287,-6.8167286,-6.4867287,-6.1567287,-6.1267285,-6.3467283,-6.4367285,-6.3067284,-6.1867285,-6.2367287,-6.3167286,-6.1967287,-6.0167284,-6.1067286,-6.5167284
-2.3867285,-2.6967285,-4.3767285,-5.4767284,-5.9567285,-5.6467285,-5.4967284,-5.6167283,-5.3267283,-5.5167284,-6.5767283,-7.2967286,-7.4167285,-7.4467287,-8.076729,-8.786729,-8.086728,-7.8567286,-5.8167286,-3.2967286,-2.6167285,-2.0367286,-1.3667285,-0.7167285,0.0032714843,1.3332715,1.8332715,0.9832715,-3.0467286,-5.6967287,-6.0867286,-5.5967283,-4.7367287,-4.0567284,-3.7067285,-3.6067286,-4.4567285,-6.0967283,-7.2067285,-7.3067284,-6.9367285,-6.7067285,-6.8167286,-6.9567285,-6.9267287,-6.7167287,-6.4867287,-6.3067284,-6.3167286,-6.4567285,-6.4567285,-6.2367287,-6.0767283,-6.1667285,-6.3367286,-6.2467284,-5.9967284,-5.9767284,-6.3167286
-1.7367285,-2.6667285,-3.5367286,-4.5167284,-5.7767286,-5.6267285,-5.1267285,-5.1167283,-4.8567286,-5.2467284,-6.4167285,-6.4967284,-6.4867287,-6.3167286,-5.5667286,-7.8467283,-7.7167287,-5.4167285,-4.3467283,-3.6967285,-3.3567286,-2.2767286,-0.9867285,0.023271484,0.99327147,2.6132715,2.8332715,-0.26672852,-4.4667287,-6.4567285,-6.5867286,-6.1967287,-5.4167285,-4.7567286,-4.3767285,-4.0367284,-4.3867283,-5.7767286,-6.9967284,-7.3267283,-7.0667286,-6.8467283,-6.8867283,-6.9567285,-6.9067287,-6.7067285,-6.6067286,-6.5967283,-6.6067286,-6.6467285,-6.5567284,-6.2967286,-6.0667286,-6.0767283,-6.2367287,-6.2467284,-6.1067286,-6.0567284,-6.2667284
-1.9667286,-2.8267286,-3.1867285,-3.8067286,-5.3067284,-5.2667284,-4.6467285,-4.5567284,-4.4067287,-4.3967285,-4.9067287,-4.7067285,-4.7467284,-5.2067285,-5.5067286,-6.0467286,-5.3567286,-3.7067285,-3.6167285,-3.3367286,-2.6467285,-1.8667285,-0.7767285,0.3832715,1.2532715,1.7032715,0.93327147,-1.9667286,-5.2567286,-6.7967286,-7.0267286,-6.7967286,-6.1067286,-5.4867287,-5.0567284,-4.5467286,-4.5167284,-5.5467286,-6.7067285,-7.2567286,-7.2467284,-7.0167284,-6.8967285,-6.9267287,-7.0267286,-6.9267287,-6.8967285,-6.9067287,-6.8967285,-6.8367286,-6.6967287,-6.4367285,-6.1867285,-6.1067286,-6.1767287,-6.2567286,-6.2567286,-6.2167287,-6.2867284
-2.4167285,-2.9467285,-3.6967285,-4.7667284,-5.2167287,-4.5167284,-4.1367283,-4.1567287,-4.0367284,-3.6467285,-4.1567287,-4.3967285,-4.5867286,-5.2367287,-4.1667285,-3.3967285,-3.0567286,-3.0067284,-3.0167284,-2.4467285,-1.8867285,-1.2267286,-0.93672854,-0.81672853,0.063271485,0.8032715,0.2832715,-2.1067286,-5.0167284,-6.7367287,-7.2867284,-7.2267284,-6.7267284,-6.1967287,-5.6767287,-5.0067286,-4.6967287,-5.3567286,-6.4367285,-7.1567287,-7.2967286,-7.0267286,-6.8567286,-6.9667287,-7.2167287,-7.2967286,-7.2367287,-7.1867285,-7.1367283,-7.0467286,-6.8567286,-6.6067286,-6.3567286,-6.2267284,-6.2267284,-6.3167286,-6.3967285,-6.3767285,-6.3367286
-1.6567285,-3.7867286,-4.0867286,-4.7167287,-4.5267286,-3.9467285,-3.5267286,-3.5167284,-3.5367286,-3.7467284,-4.1367283,-4.4067287,-4.6267285,-5.5167284,-3.4767284,-3.1467285,-3.4067285,-3.1367285,-1.7067285,-1.3367286,-0.9767285,-1.3967285,-2.7767286,-2.3067286,-0.7867285,0.42327148,0.4132715,-1.4067285,-4.2267284,-6.2467284,-7.0667286,-7.2867284,-7.1467285,-6.7867284,-6.1667285,-5.3667283,-4.8167286,-5.1767287,-6.1867285,-7.0267286,-7.2367287,-6.9367285,-6.7667284,-7.0167284,-7.3367286,-7.4767284,-7.4667287,-7.4167285,-7.3467283,-7.2367287,-7.0467286,-6.7967286,-6.5667286,-6.4367285,-6.3967285,-6.4467287,-6.4967284,-6.5067286,-6.3967285
-2.3767285,-3.2367284,-4.0567284,-4.4467287,-4.1667285,-3.5667286,-3.1367285,-2.8567286,-2.5267286,-2.5167284,-2.8267286,-3.2967286,-3.8267286,-3.2467284,-1.8967285,-2.4167285,-3.7767286,-3.1867285,-1.1967285,0.4132715,0.16327149,-2.4567285,-3.9267285,-3.1167285,-1.4467285,-0.24672851,0.24327148,-0.6767285,-3.0167284,-5.0467286,-6.0767283,-6.7567286,-7.1867285,-7.0867286,-6.4567285,-5.5367284,-4.8167286,-4.9667287,-5.8967285,-6.7767286,-7.0667286,-6.8067284,-6.6567287,-6.9067287,-7.2567286,-7.4867287,-7.5867286,-7.5967283,-7.5167284,-7.3967285,-7.2167287,-6.9867287,-6.8167286,-6.7067285,-6.6667285,-6.6467285,-6.6367283,-6.6167283,-6.5167284
-2.3667285,-3.2467284,-4.0167284,-3.8467286,-4.0767283,-4.0267286,-2.9967284,-2.6667285,-2.2067285,-2.0367286,-2.0167284,-2.3567286,-2.2467284,-1.2667285,-0.5467285,-2.1967285,-3.1067286,-1.2267286,0.9632715,1.8232715,0.4432715,-3.3767285,-4.6067286,-3.6267285,-2.2867286,-1.1467285,-0.12672852,-0.09672852,-1.6167285,-3.3267286,-4.4367285,-5.5267286,-6.5567284,-6.8867283,-6.4167285,-5.4967284,-4.6867285,-4.6667285,-5.4667287,-6.3767285,-6.8167286,-6.7367287,-6.5767283,-6.7367287,-7.1267285,-7.4867287,-7.7167287,-7.7567286,-7.6667285,-7.5067286,-7.3167286,-7.1567287,-7.0567284,-7.0467286,-7.0167284,-6.9267287,-6.8267283,-6.7567286,-6.6467285
-1.9867285,-2.0567286,-2.4967284,-2.8467286,-3.2367284,-3.6067286,-2.3667285,-2.8967285,-2.7667284,-2.2767286,-1.8367286,-1.8367286,-1.6367285,-1.0567285,-1.1967285,-2.6267285,-2.0267286,0.62327147,2.1732714,1.6332715,-1.0867286,-4.5667286,-5.0767283,-4.2767286,-3.3867285,-2.3267286,-1.0567285,-0.3667285,-0.9867285,-2.1767285,-3.0467286,-3.8867285,-4.8367286,-5.6267285,-5.7967286,-5.1967287,-4.3767285,-4.2267284,-4.9567285,-5.9067287,-6.5667286,-6.7267284,-6.6067286,-6.6667285,-7.0667286,-7.5567284,-7.8667283,-7.9367285,-7.8267283,-7.6267285,-7.4367285,-7.3167286,-7.3067284,-7.3867283,-7.4067287,-7.2967286,-7.0667286,-6.8667283,-6.7667284
-1.6467285,-1.4867285,-1.6467285,-1.6167285,-1.6167285,-1.4067285,-1.1667285,-2.2767286,-2.1467285,-1.3467286,-1.0467285,-1.4767286,-1.7867285,-1.5267285,-1.7767285,-2.0767286,-0.24672851,2.4432714,2.5132716,0.9832715,-2.5967286,-5.0267286,-5.2867284,-5.0067286,-4.6167283,-3.9267285,-2.8467286,-1.7867285,-1.5967286,-2.1867285,-2.5767286,-2.3167286,-1.6767285,-3.0167284,-4.2467284,-4.3167286,-3.7167284,-3.6967285,-4.5067286,-5.4967284,-6.2967286,-6.7067285,-6.7067285,-6.7267284,-7.0867286,-7.6267285,-7.9667287,-8.056728,-7.9667287,-7.7867284,-7.5967283,-7.4767284,-7.5167284,-7.6367283,-7.7367287,-7.7067285,-7.4367285,-7.0567284,-6.8467283
-1.1967285,-1.1667285,-1.1367285,-0.6567285,0.17327148,0.4432715,-0.2867285,-0.8967285,-0.62672853,-0.3767285,-0.9667285,-1.6967285,-1.8067285,-1.8167285,-1.7267286,-0.9267285,1.1132715,2.3732715,1.8432715,-0.8367285,-3.4067285,-4.8567286,-5.3467283,-5.5767283,-5.6867285,-5.6067286,-5.0167284,-3.8467286,-2.9267285,-2.3067286,-1.6567285,-1.4567285,-0.41672853,-0.6467285,-1.5267285,-2.3567286,-2.4167285,-3.1467285,-4.2567286,-5.2367287,-6.0467286,-6.6067286,-6.7967286,-6.8867283,-7.1967287,-7.6367283,-7.9367285,-8.036729,-7.9967284,-7.8967285,-7.7767286,-7.6867285,-7.7067285,-7.8467283,-8.016728,-8.086728,-7.8967285,-7.4467287,-7.0167284
-1.1267285,-1.0367285,-0.81672853,-0.23672852,0.7632715,0.9532715,0.22327149,-0.5367285,-0.5867285,-0.47672853,-1.3567286,-1.9667286,-2.0667286,-1.8567286,-1.4967285,-0.61672854,0.8632715,0.8932715,-0.3067285,-1.7467285,-3.2567284,-4.6167283,-5.4067287,-5.8367286,-6.3567286,-6.9367285,-7.0067286,-6.1067286,-4.6367283,-2.3667285,-1.1167285,-1.7067285,-0.9867285,-0.50672853,-0.23672852,-0.036728516,-1.0267285,-2.9467285,-4.3167286,-5.1367283,-5.8367286,-6.4567285,-6.8367286,-7.0667286,-7.3167286,-7.5767283,-7.7367287,-7.8167286,-7.8967285,-7.9567285,-7.9567285,-7.9367285,-7.9367285,-8.056728,-8.246729,-8.356729,-8.246729,-7.8667283,-7.3267283
-1.4967285,-0.8967285,-0.5467285,-0.42672852,0.27327147,0.2832715,-0.18672852,-0.5467285,-0.6067285,-0.5467285,-1.2467285,-1.8367286,-2.0267286,-1.6867285,-2.1067286,-1.2267286,-0.3667285,-0.6967285,-1.0667285,-1.5867286,-3.0267286,-4.7267284,-5.5167284,-5.7967286,-6.4967284,-7.5467286,-8.256728,-8.076729,-6.8567286,-4.1867285,-2.8267286,-1.9167285,-1.6467285,-1.4067285,-0.4367285,0.23327148,-0.68672854,-3.3567286,-4.6267285,-5.1467285,-5.6967287,-6.2867284,-6.7867284,-7.1667285,-7.3767285,-7.4667287,-7.4967284,-7.5567284,-7.7467284,-7.9667287,-8.116729,-8.176728,-8.1867285,-8.266728,-8.426728,-8.536729,-8.456729,-8.156729,-7.6767287
-1.4067285,-0.6067285,-0.116728514,-0.5167285,-0.41672853,-0.7267285,-1.0267285,-1.1267285,-0.7767285,-0.80672854,-1.5067285,-1.9067285,-1.9367285,-1.7567285,-1.5067285,-1.2267286,-0.9867285,-0.7367285,-0.93672854,-1.4267285,-3.0467286,-4.8667283,-5.5767283,-5.6567287,-6.2467284,-7.3367286,-8.386728,-8.996729,-8.836728,-6.6567287,-5.7367287,-4.2467284,-3.8967285,-2.9367285,-2.2767286,-1.3467286,-1.5867286,-3.8367286,-4.9467287,-5.3367286,-5.7167287,-6.1667285,-6.6267285,-7.0567284,-7.2967286,-7.3367286,-7.3267283,-7.3767285,-7.6067286,-7.9167285,-8.196729,-8.366729,-8.426728,-8.456729,-8.556728,-8.666729,-8.626728,-8.386728,-7.9767284
-1.1267285,-0.86672854,-0.38672853,-0.6667285,-0.8567285,-1.0267285,-1.5867286,-1.7167286,-1.3367286,-1.3067285,-1.8267285,-1.6267285,-1.7367285,-1.6767285,-1.6967285,-1.3467286,-0.55672854,-0.21672851,-0.61672854,-1.3367286,-2.7467284,-4.6267285,-5.6467285,-5.7167287,-5.9367285,-6.6667285,-7.6167283,-8.526729,-9.156729,-9.1467285,-6.9367285,-5.9167285,-4.9867287,-4.4667287,-3.4967284,-3.2567284,-1.7767285,-3.0367286,-5.0767283,-5.6767287,-5.9567285,-6.1667285,-6.4167285,-6.7667284,-7.0467286,-7.1567287,-7.1967287,-7.2867284,-7.4967284,-7.8167286,-8.156729,-8.406729,-8.566729,-8.656729,-8.716728,-8.786729,-8.806728,-8.626728,-8.256728
-1.5367285,-1.3567286,-1.1867285,-1.0267285,-0.87672853,-0.9567285,-1.3067285,-1.5467285,-1.5067285,-1.4167285,-1.6967285,-1.5167285,-1.3467286,-1.3567286,-1.5367285,-1.2167286,-0.2767285,0.08327148,-0.32672852,-0.75672853,-1.8767285,-3.9867284,-5.6567287,-5.9667287,-5.8367286,-6.0567284,-6.6767287,-7.4767284,-8.166729,-8.326729,-7.7067285,-5.7267284,-4.6067286,-4.0667286,-4.2767286,-4.2767286,-3.4267285,-3.5667286,-4.6267285,-6.0267286,-6.2867284,-6.3167286,-6.3267283,-6.4967284,-6.7567286,-6.9367285,-7.0567284,-7.1967287,-7.4167285,-7.7067285,-8.006728,-8.296728,-8.546728,-8.756728,-8.886728,-8.946729,-8.946729,-8.846728,-8.566729
-1.4267285,-1.6067286,-1.5467285,-1.3967285,-0.81672853,-0.6367285,-1.2667285,-1.6067286,-1.4067285,-1.6567285,-1.7067285,-1.4667286,-1.2367285,-1.0467285,-0.8967285,-0.3767285,0.0132714845,-0.076728515,-0.19672851,-0.0067285155,-0.6967285,-2.9767284,-5.2267284,-6.0067286,-5.8867283,-5.7467284,-6.0167284,-6.6667285,-7.3167286,-7.5167284,-7.1967287,-6.6467285,-6.1867285,-5.3067284,-5.9067287,-4.6867285,-4.7267284,-5.2067285,-6.0967283,-6.2467284,-6.4467287,-6.5167284,-6.4467287,-6.4667287,-6.6067286,-6.7167287,-6.8267283,-7.0267286,-7.3067284,-7.6067286,-7.8767285,-8.136728,-8.416729,-8.696729,-8.916729,-9.026729,-9.056728,-8.976728,-8.776729
-1.1067286,-1.2667285,-1.5267285,-1.5167285,-1.1667285,-0.74672854,-1.3667285,-1.3367286,-1.2467285,-1.5567285,-1.3767285,-1.2967285,-1.1067286,-0.47672853,-0.24672851,0.15327148,0.24327148,-0.20672852,-0.3167285,0.29327148,0.18327148,-1.8067285,-4.1267285,-5.4267287,-5.7767286,-5.7067285,-5.6367283,-5.9667287,-6.5467286,-6.8967285,-6.8667283,-6.5567284,-5.8967285,-5.1567287,-4.7167287,-4.7167287,-5.8667283,-6.4767284,-6.3567286,-6.2267284,-6.4067287,-6.6267285,-6.6567287,-6.6567287,-6.6667285,-6.5767283,-6.5367284,-6.7267284,-7.0867286,-7.4667287,-7.7867284,-8.046728,-8.286729,-8.536729,-8.766728,-8.956729,-9.066729,-9.036729,-8.886728
-1.3867285,-1.6567285,-1.5567285,-1.4867285,-1.3367286,-0.8967285,-1.5267285,-1.5867286,-1.3367286,-1.5667285,-1.3767285,-1.1167285,-1.0767285,-0.3667285,-0.3367285,0.103271484,0.5732715,0.23327148,-0.16672851,0.12327149,0.36327147,-0.6667285,-2.4967284,-4.0867286,-5.1467285,-5.6167283,-5.4867287,-5.3667283,-5.4767284,-5.6467285,-5.7867284,-5.6867285,-4.9967284,-3.9067285,-2.6667285,-2.6967285,-4.1567287,-5.8367286,-6.0467286,-5.9967284,-6.1867285,-6.4967284,-6.7167287,-6.8567286,-6.8467283,-6.5967283,-6.3467283,-6.3867283,-6.7367287,-7.2067285,-7.6267285,-7.9667287,-8.206729,-8.376728,-8.546728,-8.746729,-8.926728,-8.986729,-8.906729
-1.6467285,-1.8367286,-1.6967285,-1.5467285,-1.4467285,-1.2167286,-1.5067285,-1.8267285,-1.4067285,-1.2667285,-1.3867285,-1.2867285,-1.1367285,-0.7767285,-0.44672853,0.20327148,1.2232715,0.8632715,-0.016728515,-0.22672851,0.07327148,0.053271484,-0.7967285,-2.1267285,-3.7167284,-4.9667287,-5.3067284,-5.0867286,-4.7367287,-4.3767285,-4.2767286,-4.3367286,-4.0267286,-2.8367286,-1.6667285,-1.6867285,-3.4167285,-4.7767286,-5.3667283,-5.5967283,-5.8667283,-6.1767287,-6.4667287,-6.7867284,-6.9367285,-6.7167287,-6.3067284,-6.0967283,-6.2867284,-6.7667284,-7.3067284,-7.7667284,-8.066729,-8.226728,-8.336728,-8.486729,-8.656729,-8.786729,-8.816729
-1.3967285,-1.4867285,-1.5467285,-1.5067285,-1.5267285,-1.5367285,-1.4767286,-1.8867285,-1.6967285,-1.4467285,-1.3367286,-1.7467285,-1.5167285,-1.1367285,-0.3167285,0.69327146,1.6232715,0.74327147,-0.4667285,-0.93672854,-0.5967285,-0.016728515,0.21327148,0.0132714845,-1.6167285,-3.5567286,-4.5967283,-4.8867283,-4.6267285,-3.9667284,-3.4067285,-3.2467284,-3.2067285,-2.3467286,-1.1767285,-0.68672854,-1.4567285,-3.1867285,-4.1567287,-4.8767285,-5.5067286,-5.8167286,-5.9667287,-6.2767286,-6.6267285,-6.6467285,-6.2667284,-5.8367286,-5.7767286,-6.1467285,-6.7367287,-7.3267283,-7.7467284,-7.9867287,-8.106729,-8.216728,-8.356729,-8.486729,-8.576729
-1.3967285,-1.4467285,-1.3967285,-1.4667286,-1.3767285,-1.4967285,-1.6167285,-1.6467285,-2.0267286,-1.1067286,-1.7967285,-2.4267285,-2.0867286,-1.5367285,-0.016728515,1.3732715,1.1132715,-0.4967285,-1.4467285,-1.5067285,-1.1567285,-0.4967285,0.27327147,0.6132715,0.033271484,-1.6067286,-3.0667286,-3.9367285,-4.2467284,-3.8867285,-3.1867285,-2.6967285,-2.6667285,-2.2167284,-1.1167285,-0.24672851,-0.22672851,-1.0767285,-2.0567286,-3.4767284,-4.8867283,-5.3867283,-5.3267283,-5.4467287,-5.8467283,-6.1667285,-6.0567284,-5.5967283,-5.2967286,-5.4867287,-6.0067286,-6.6467285,-7.2167287,-7.6067286,-7.8167286,-7.9367285,-8.046728,-8.1467285,-8.226728
