GIS/scripts/widgets/windy/json/gfs_wind_2018011518100.json
{"header": { "discipline":0, "disciplineName":"Meteorological products", "gribEdition":2, "gribLength":61279, "center":7, "centerName":"US National Weather Service - NCEP(WMC)", "subcenter":0, "refTime":"2018-01-15T18:00:00.000Z", "significanceOfRT":1, "significanceOfRTName":"Start of forecast", "productStatus":0, "productStatusName":"Operational products", "productType":1, "productTypeName":"Forecast products", "productDefinitionTemplate":0, "productDefinitionTemplateName":"Analysis/forecast at horizontal level/layer at a point in time", "parameterCategory":2, "parameterCategoryName":"Momentum", "parameterNumber":2, "parameterNumberName":"U-component_of_wind", "parameterUnit":"m.s-1", "genProcessType":2, "genProcessTypeName":"Forecast", "forecastTime":0, "surface1Type":103, "surface1TypeName":"Specified height level above ground", "surface1Value":10.0, "surface2Type":255, "surface2TypeName":"Missing", "surface2Value":0.0, "gridDefinitionTemplate":0, "gridDefinitionTemplateName":"Latitude_Longitude", "numberPoints":40733, "shape":6, "shapeName":"Earth spherical with radius of 6,371,229.0 m", "gridUnits":"degrees", "resolution":48, "winds":"true", "scanMode":64, "nx":253, "ny":161, "basicAngle":0, "lo1":72.0, "la1":15.0, "lo2":135.0, "la2":55.0, "dx":0.25, "dy":0.25 }, "data":
[rows 27 to 53 of 161, columns 59 to 117 of 253]
1.5549121,0.5949121,0.5449121,0.30491212,-0.12508789,-0.2650879,0.1649121,0.6549121,0.9049121,0.9049121,1.0749121,1.0149121,1.0349121,1.3849121,1.8549122,2.324912,2.7149122,3.1649122,2.904912,0.9849121,-1.5950879,-1.4950879,-1.0050879,-0.5250879,-0.1950879,-0.7350879,-1.2550879,-0.74508786,1.6849121,1.3649122,0.6149121,1.3249121,1.4349121,0.6549121,-0.4850879,-0.8550879,-0.4650879,-1.2050879,-2.0450878,-1.5850879,-0.5750879,-0.2250879,-0.7550879,0.18491212,1.0249121,0.8749121,0.07491211,-0.5750879,-0.4550879,-0.5150879,-0.11508789,0.4549121,0.05491211,-0.24508789,-0.10508789,1.1649121,1.2449121,-0.03508789,-0.6950879
1.8249121,0.7149121,0.5449121,0.3749121,0.08491211,-0.05508789,-0.01508789,0.1649121,0.4449121,0.6749121,0.7149121,0.6549121,0.30491212,0.39491212,0.7049121,1.464912,2.024912,2.824912,2.894912,1.1449121,-1.6450878,-2.0850878,-1.0050879,-0.44508788,-0.3950879,-1.0650879,-1.3050879,0.36491212,1.7949121,0.9249121,0.03491211,1.4249121,1.4849122,0.2649121,-0.80508786,-0.8850879,-0.5650879,-1.3750879,-2.0750878,-1.2550879,-0.3750879,0.23491211,-0.3650879,-0.1450879,0.8549121,0.69491214,-0.13508789,-0.25508788,-0.1650879,-0.5850879,-0.4950879,0.27491212,-0.08508789,-0.11508789,0.3249121,1.4249121,0.9349121,-0.55508786,-0.67508787
1.6049122,0.8149121,0.5949121,0.4449121,0.2649121,0.05491211,-0.21508789,-0.2750879,0.01491211,0.33491212,0.4449121,0.3549121,0.18491212,0.18491212,0.33491212,0.6449121,1.0649121,2.064912,2.2249122,0.7649121,-1.6750879,-1.9250879,-0.9750879,-0.5350879,-0.7950879,-1.1450878,-1.0950879,0.5549121,1.8949121,0.69491214,-0.09508789,1.2649121,1.3949121,0.2549121,-0.6450879,-0.6450879,-0.4650879,-1.5250878,-2.215088,-1.2050879,-0.25508788,0.6049121,0.09491211,-0.3050879,0.5249121,0.5349121,0.3549121,0.1649121,-0.2650879,-0.5150879,-0.6450879,0.01491211,-0.13508789,-0.0050878907,0.8549121,1.094912,0.14491211,-0.67508787,-0.44508788
1.2749121,0.8649121,0.6649121,0.6049121,0.5449121,0.2949121,-0.25508788,-0.61508787,-0.41508788,-0.03508789,0.14491211,0.20491211,0.27491212,0.3749121,0.46491212,0.5649121,0.8549121,1.4449121,1.3249121,-0.01508789,-1.0750879,-1.2450879,-0.80508786,-0.6950879,-0.99508786,-1.1050879,-1.0250878,0.5349121,1.6849121,0.8749121,0.27491212,1.1549121,1.3049121,0.6049121,-0.1950879,-0.4050879,-0.47508788,-1.5050879,-1.4450879,-1.0850879,-0.15508789,0.6249121,0.5549121,-0.3450879,-0.3350879,0.08491211,0.6649121,0.21491212,-0.4550879,-0.1950879,-0.5050879,-0.38508788,-0.15508789,0.5449121,1.2949121,0.6749121,-0.5650879,-0.5850879,-0.1450879
1.0049121,0.8749121,0.6649121,0.6449121,0.7149121,0.5649121,-0.05508789,-0.6450879,-0.61508787,-0.25508788,0.01491211,0.1649121,0.30491212,0.5249121,0.7449121,0.8449121,1.214912,1.1549121,0.4849121,-0.61508787,-1.0450879,-0.5350879,-0.5050879,-0.7950879,-1.0750879,-1.0150878,-0.99508786,0.49491212,1.8549122,1.0649121,0.7149121,1.0849121,0.9849121,0.7249121,0.11491211,-0.3750879,-0.6650879,-1.4950879,-1.2950879,-0.5950879,-0.20508789,0.2649121,0.94491214,-0.04508789,-1.0550879,-0.47508788,0.6549121,0.3749121,-0.38508788,-0.3250879,-0.6350879,-0.3950879,0.4249121,1.3549122,1.3249121,0.08491211,-0.7550879,-0.5050879,0.21491212
0.8649121,0.7849121,0.5349121,0.4249121,0.5349121,0.57491213,0.2449121,-0.2650879,-0.3950879,-0.1650879,0.10491211,0.2849121,0.4449121,0.7149121,1.0449121,1.5049121,1.3149121,0.88491213,0.03491211,-0.8550879,-0.8450879,-0.3750879,-0.4550879,-0.9050879,-0.9750879,-0.8350879,-0.8550879,0.2449121,1.6649121,1.344912,0.7049121,0.6649121,0.5549121,0.6749121,0.11491211,-0.5250879,-0.6850879,-1.5050879,-0.9850879,-0.24508789,-0.7050879,-0.41508788,1.1849121,0.3849121,-1.0450879,-0.6450879,0.7649121,0.57491213,-0.5450879,-0.9050879,-0.6350879,0.2849121,0.8949121,1.4549121,1.1049122,0.18491212,-0.4350879,-0.3250879,0.4249121
0.6249121,0.6149121,0.4149121,0.15491211,0.11491211,0.2549121,0.2949121,0.18491212,0.10491211,0.21491212,0.4249121,0.63491213,0.8049121,1.0349121,1.2949121,1.4549121,1.3349121,0.82491213,-0.07508789,-0.7750879,-0.61508787,-0.3350879,-0.7250879,-1.0950879,-0.9050879,-0.7750879,-0.7750879,-0.01508789,1.9349121,1.5149121,0.46491212,-0.10508789,0.15491211,0.6849121,0.14491211,-0.6250879,-0.38508788,-0.8350879,-0.5150879,-0.3250879,-0.99508786,-0.9350879,0.75491214,0.4249121,-0.74508786,-0.3950879,0.5649121,0.30491212,-0.6050879,-0.8350879,0.10491211,0.7749121,0.7049121,1.5249121,1.0849121,0.2849121,-0.21508789,0.18491212,0.5249121
0.27491212,0.4549121,0.4249121,0.12491211,-0.12508789,-0.13508789,0.07491211,0.2949121,0.4249121,0.5549121,0.7749121,1.0449121,1.214912,1.3349121,1.3849121,1.2549121,1.0049121,0.5449121,-0.2250879,-0.6950879,-0.4950879,-0.41508788,-0.8150879,-0.9650879,-0.9150879,-0.8550879,-0.6650879,-0.01508789,1.3749121,1.464912,0.43491212,-0.35508788,-0.08508789,0.69491214,0.3749121,-0.3750879,-0.1450879,-0.13508789,-0.1950879,-0.31508788,-0.8150879,-0.9450879,-0.74508786,-0.2750879,-0.3050879,0.1349121,0.5449121,0.2649121,-0.04508789,-0.07508789,0.50491214,0.1349121,0.10491211,1.7349122,1.4749122,-0.2750879,-0.5350879,0.6149121,0.6549121
0.10491211,0.3449121,0.4849121,0.30491212,0.0049121096,-0.1450879,-0.03508789,0.20491211,0.4049121,0.6249121,0.9749121,1.2449121,1.5849121,1.464912,1.3149121,1.1149122,0.8049121,0.3249121,-0.3250879,-0.6350879,-0.4650879,-0.5350879,-0.7650879,-0.7950879,-0.7950879,-0.8750879,-0.6350879,-0.18508789,1.2049121,1.5349121,0.75491214,-0.31508788,-0.31508788,0.4249121,0.3749121,-0.24508789,0.14491211,0.2549121,-0.12508789,-0.3650879,-0.41508788,-0.9050879,-1.3650879,-0.8750879,-0.21508789,-0.03508789,0.39491212,0.2249121,0.3149121,0.4749121,0.9549121,0.06491211,-0.23508789,1.3049121,1.4449121,-0.28508788,-0.1450879,0.9849121,0.7249121
0.2549121,0.27491212,0.4549121,0.5249121,0.4149121,0.27491212,0.23491211,0.2649121,0.33491212,0.57491213,1.0449121,1.3949121,1.4949121,1.3049121,1.1649121,1.0549121,0.8449121,0.3749121,-0.23508789,-0.5050879,-0.4250879,-0.5350879,-0.6650879,-0.6650879,-0.6850879,-0.6850879,-0.4950879,-0.24508789,0.6049121,1.4549121,1.0249121,-0.10508789,-0.3950879,-0.01508789,-0.01508789,-0.2650879,0.49491212,0.5349121,0.06491211,-0.3350879,-0.2950879,-0.6050879,-1.405088,-1.2150879,-0.3650879,-0.5950879,-0.2750879,-0.08508789,0.5949121,1.0149121,1.3349121,0.3849121,-0.11508789,0.9249121,1.4749122,0.6749121,0.6249121,0.8349121,1.0749121
0.4749121,0.2549121,0.39491212,0.7149121,0.82491213,0.7649121,0.7049121,0.5849121,0.5149121,0.7049121,1.1749121,1.5249121,1.6649121,1.0849121,0.8949121,0.94491214,0.8549121,0.46491212,-0.05508789,-0.41508788,-0.4650879,-0.5850879,-0.61508787,-0.5350879,-0.4950879,-0.5050879,-0.4950879,-0.21508789,0.5449121,1.214912,1.2449121,0.39491212,-0.28508788,-0.4250879,-0.28508788,-0.06508789,0.7249121,0.4549121,0.15491211,-0.12508789,-0.47508788,-0.41508788,-1.4650879,-1.6050879,-0.44508788,-0.3250879,-0.5750879,-0.5450879,0.8949121,1.5149121,0.6049121,-0.55508786,0.05491211,1.1649121,1.594912,1.2049121,0.88491213,0.75491214,1.9049121
0.75491214,0.3849121,0.4149121,0.7949121,1.0249121,1.0349121,1.0649121,1.0149121,0.9149121,1.0149121,1.3849121,1.7549121,2.0149121,1.0149121,0.69491214,0.7249121,0.6149121,0.23491211,-0.2650879,-0.7350879,-1.1250879,-1.2350879,-0.9350879,-0.6950879,-0.5350879,-0.5750879,-0.7850879,-0.4550879,0.5249121,1.1449121,1.3249121,0.9149121,0.15491211,-0.4350879,-0.2950879,0.08491211,0.3449121,0.01491211,0.01491211,-0.10508789,-0.5950879,-0.0050878907,-0.7850879,-1.3850878,-0.8750879,0.08491211,-0.3750879,-0.7550879,0.7449121,1.3949121,0.3849121,-0.9050879,-0.11508789,1.7049121,1.5349121,0.8449121,0.9949121,1.4149121,2.0049121
1.0449121,0.5849121,0.36491212,0.7249121,1.0549121,1.094912,1.2349122,1.3249121,1.3149121,1.3749121,1.6449121,1.9449121,2.2049122,1.0449121,0.5849121,0.4449121,0.1949121,-0.2750879,-0.7950879,-1.2650878,-1.6350878,-1.6150879,-1.2950879,-1.4350879,-1.1350878,-1.0150878,-1.0950879,-0.86508787,0.2249121,0.6549121,0.82491213,1.0149121,0.7649121,0.0049121096,-0.35508788,-0.3450879,-0.31508788,-0.1950879,-0.04508789,-0.23508789,-0.4650879,0.4049121,-0.1450879,-1.3850878,-1.1850879,0.2449121,-0.3250879,-0.2950879,0.9249121,1.2449121,0.8049121,-0.4050879,0.2849121,1.6949121,1.1149122,0.63491213,1.2049121,1.7049121,1.4549121
1.1449121,0.7349121,0.39491212,0.63491213,0.9949121,1.1749121,1.344912,1.5149121,1.6149122,1.7249122,1.9449121,2.2249122,1.7649121,0.7649121,0.2849121,0.18491212,-0.06508789,-0.4350879,-0.8750879,-1.285088,-1.3350879,-1.2150879,-1.285088,-0.9350879,-0.3650879,-0.38508788,-1.0550879,-1.0650879,-0.06508789,0.3249121,-0.21508789,0.4749121,1.0549121,0.6449121,-0.2950879,-0.5750879,-0.47508788,-0.25508788,-0.2650879,-0.4350879,-0.25508788,0.43491212,0.01491211,-1.4450879,-1.405088,0.1349121,0.07491211,0.4849121,1.2849121,0.7749121,0.9749121,0.5149121,0.8549121,1.2749121,0.9549121,1.2749121,1.2249122,1.5049121,1.2049121
1.214912,1.0049121,0.8049121,0.9149121,1.214912,1.4049121,1.5149121,1.6949121,1.8749121,2.054912,2.1949122,2.114912,1.2949121,0.02491211,-0.21508789,0.02491211,-0.13508789,-0.3050879,-0.3450879,-0.4050879,-0.4250879,-0.3650879,-0.3750879,-0.17508788,0.4749121,0.1949121,-0.74508786,-0.8850879,-0.3650879,0.27491212,-0.44508788,-0.12508789,1.2049121,1.2449121,0.21491212,-0.3650879,-0.4850879,-0.61508787,-0.3650879,-0.31508788,-0.4250879,-0.08508789,-0.06508789,-1.6050879,-1.4350879,-0.7250879,0.4749121,1.1649121,1.0549121,0.18491212,1.344912,1.2249122,1.3149121,0.9849121,1.1749121,1.6249121,1.0349121,1.3049121,1.2649121
1.3349121,1.2949121,1.2849121,1.3849121,1.5449121,1.594912,1.6849121,1.8749121,2.084912,2.2649121,2.364912,2.2049122,1.3149121,-0.24508789,-0.2650879,0.11491211,-0.35508788,-0.6250879,-0.3950879,-0.24508789,-0.3950879,-0.3250879,-0.0050878907,0.3549121,0.63491213,0.15491211,-0.4250879,-0.5950879,-0.6250879,0.09491211,0.33491212,-0.07508789,0.7449121,1.0849121,0.8449121,0.02491211,-0.7550879,-0.86508787,-0.01508789,0.01491211,-0.8950879,-0.3750879,0.4849121,-0.6350879,-1.4850879,-1.6250879,-0.10508789,1.8549122,0.7949121,-0.4550879,1.1149122,1.2049121,1.0549121,1.1949121,1.7049121,1.6949121,0.8449121,0.9649121,1.3349121
1.464912,1.5349121,1.5849121,1.6549121,1.7249122,1.7349122,1.844912,2.084912,2.294912,2.4249122,2.4949121,2.4649122,2.284912,0.7049121,0.4749121,0.5649121,-0.06508789,-0.31508788,-0.08508789,-0.10508789,-0.31508788,-0.18508789,0.3849121,0.6549121,0.4049121,-0.2950879,-0.4650879,-0.3350879,-0.6350879,-0.38508788,0.10491211,-0.09508789,-0.41508788,0.4149121,1.2749121,0.6849121,-0.99508786,-0.9750879,0.2449121,0.27491212,-1.1150879,-0.35508788,0.88491213,-0.3350879,-1.3950878,-1.6650879,-1.1950879,1.4849122,1.344912,-0.3250879,0.6049121,0.8449121,1.1149122,1.8549122,2.584912,0.9049121,0.2249121,1.1449121,1.8049121
1.7249122,1.8749121,1.9249121,1.9849122,2.054912,2.054912,2.104912,2.2549121,2.374912,2.404912,2.4349122,2.4149122,2.1749122,1.5749121,1.2649121,1.1149122,0.9649121,0.94491214,0.9349121,0.3849121,-0.1950879,-0.25508788,0.21491212,0.5149121,0.03491211,-1.0250878,-0.8350879,0.04491211,-0.05508789,-0.8750879,-0.8350879,-0.6450879,-0.7950879,-0.12508789,1.8849121,1.2449121,-0.74508786,-0.9550879,0.2249121,0.5849121,-0.7650879,-0.6950879,0.50491214,-0.5150879,-1.2450879,-1.4550879,-1.4450879,0.01491211,1.8249121,0.4149121,0.6049121,0.8749121,1.4749122,2.2549121,2.5049121,-0.18508789,-0.7350879,1.0149121,1.9449121
1.7349122,1.8849121,1.8249121,1.8549122,1.9249121,1.8149121,1.6649121,1.6249121,1.594912,1.6349121,1.6949121,1.5649121,1.1849121,0.6149121,0.5349121,0.6849121,1.1349121,1.4449121,1.3349121,0.4749121,-0.5850879,-1.2750878,-1.3150879,-0.86508787,-0.6450879,-0.9150879,-0.7850879,0.18491212,0.3449121,-0.8350879,-1.0050879,-0.9050879,-0.8550879,-0.1450879,1.5749121,1.3349121,0.2249121,0.09491211,0.2249121,0.6249121,-0.35508788,-1.2250879,0.03491211,0.2549121,-1.155088,-1.535088,-1.535088,-0.5650879,2.084912,0.7449121,0.2249121,1.0049121,1.5649121,2.084912,2.274912,-0.4350879,-0.67508787,1.5749121,1.3349121
0.9249121,0.9149121,0.5549121,0.63491213,0.6649121,0.3449121,0.2549121,0.2849121,0.23491211,0.3149121,0.4549121,0.30491212,0.06491211,-0.28508788,-0.4650879,-0.28508788,0.09491211,0.3149121,0.12491211,-0.4250879,-1.4350879,-2.2750878,-2.385088,-1.8250879,-0.8450879,-0.5450879,-0.4050879,-0.05508789,-0.0050878907,-0.7950879,-0.9750879,-0.6650879,-0.8550879,-0.5250879,0.9349121,0.9049121,0.49491212,0.8749121,0.6449121,0.4049121,-0.4350879,-1.4350879,-0.025087891,0.94491214,-1.0950879,-1.7450879,-1.6850879,-0.9850879,1.4249121,0.7749121,-0.1650879,1.2449121,1.9049121,1.9049121,2.274912,0.3449121,0.33491212,2.854912,1.0649121
-0.38508788,-0.35508788,-0.6950879,-0.4650879,-0.47508788,-0.5050879,0.17491211,0.21491212,-0.18508789,-0.3350879,-0.5450879,-0.5850879,0.09491211,0.05491211,-0.15508789,-0.25508788,-0.1950879,-0.17508788,-0.3050879,-0.4250879,-0.61508787,-1.0550879,-1.1450878,-0.7050879,-0.20508789,-0.05508789,-0.1450879,-0.09508789,-0.0050878907,-0.23508789,-0.4050879,-0.4250879,-0.6050879,-0.7150879,-0.3050879,0.01491211,0.43491212,1.0849121,0.6049121,-0.2650879,-0.6950879,-1.1150879,0.49491212,1.0049121,-1.2150879,-1.5750879,-1.3750879,-1.655088,-0.13508789,1.0849121,0.5249121,1.4549121,2.774912,1.8149121,2.1849122,0.7349121,-0.15508789,2.354912,1.2049121
-1.6850879,-0.92508787,-1.0250878,-0.7550879,-1.1050879,-0.1950879,1.5249121,0.1349121,-0.8250879,-0.5150879,-0.8850879,-0.8850879,0.8549121,0.1649121,-0.2750879,0.20491211,-0.13508789,-0.20508789,-0.5250879,-0.8850879,-0.3650879,0.3449121,0.4149121,0.3249121,0.2649121,-0.04508789,-0.03508789,0.33491212,0.5949121,0.7749121,0.50491214,0.12491211,-0.13508789,-0.4250879,-0.5250879,-0.5150879,0.27491212,0.8649121,-0.05508789,-1.0950879,-1.155088,-0.6350879,1.2349122,0.9549121,-1.7550879,-1.9150879,-0.8850879,-1.8250879,-0.6350879,1.7749121,1.3149121,1.5449121,2.554912,1.5349121,1.8849121,0.6549121,-0.9050879,1.6849121,1.6749121
-2.205088,-0.6850879,-1.035088,-0.4050879,-0.9850879,0.06491211,1.8849121,-1.4650879,-2.5550878,-0.38508788,0.04491211,0.14491211,1.1949121,-0.7650879,-0.9850879,0.3749121,-0.15508789,0.17491211,-0.5250879,-2.185088,-2.125088,0.2849121,1.0549121,0.04491211,-0.08508789,-0.7850879,-0.7350879,0.36491212,0.5549121,1.3549122,1.4549121,0.5849121,0.2649121,0.21491212,-0.1450879,-0.3350879,-0.01508789,0.06491211,-0.8250879,-1.6150879,-1.1750879,0.7949121,1.2549121,-0.13508789,-1.4950879,-1.7350879,-1.535088,-1.2650878,-0.2750879,1.4449121,1.3949121,1.2049121,1.094912,2.104912,2.4849122,0.6449121,-0.2750879,1.5549121,1.3949121
-1.285088,0.7149121,-0.2250879,-0.8350879,-0.7950879,0.5349121,2.534912,-1.2350879,-3.225088,-0.4850879,1.214912,2.0149121,1.2649121,-2.2450879,-0.9450879,0.33491212,0.23491211,1.0749121,0.11491211,-0.9450879,-2.0050879,-0.74508786,0.5349121,-0.09508789,-0.5650879,-1.8850878,-1.2950879,0.75491214,1.0549121,1.3749121,1.7249122,0.88491213,0.4449121,0.46491212,0.14491211,-0.1650879,-0.11508789,-0.5450879,-1.5750879,-1.9450879,-0.67508787,1.8349121,0.6649121,-1.2650878,-1.0750879,-1.405088,-2.095088,-1.035088,0.2249121,0.6649121,1.1949121,0.5149121,0.7349121,2.904912,2.104912,-0.41508788,0.8349121,1.7749121,1.3049121
-0.07508789,3.294912,1.4549121,-2.685088,-2.205088,0.6849121,3.614912,0.43491212,-1.9250879,-0.47508788,1.1249121,3.284912,1.3949121,-2.0050879,-0.8250879,0.7149121,1.3549122,1.2549121,-0.5250879,0.05491211,-0.6050879,-2.0050879,-0.6550879,1.7249122,1.1049122,-1.0850879,-0.7850879,1.4749122,1.5249121,1.964912,1.594912,0.6549121,0.5149121,0.7849121,0.5549121,-0.04508789,-0.4050879,-0.9050879,-1.9350879,-2.595088,-1.3150879,0.8749121,0.2849121,-0.20508789,-0.5950879,-1.1450878,-1.4350879,-0.4550879,-0.2250879,0.3549121,1.3549122,0.07491211,0.9549121,3.2249122,1.5249121,-1.3950878,0.8949121,1.8949121,1.2949121
0.3849121,3.904912,2.844912,-2.2850878,-2.955088,-0.6450879,1.7949121,1.1449121,1.4449121,2.2549121,2.054912,2.9649122,1.1649121,-1.3150879,-0.80508786,2.134912,3.294912,1.6349121,-0.8350879,0.8449121,0.57491213,-1.9750879,-1.5850879,3.094912,4.744912,1.6449121,0.06491211,0.8449121,1.3649122,1.7449121,0.8749121,0.7249121,0.69491214,0.6649121,0.75491214,0.20491211,-1.0250878,-1.1250879,-1.2250879,-1.6850879,-2.0450878,-1.4650879,1.1349121,2.834912,-0.4250879,-0.7250879,0.8049121,-0.2650879,-1.0250878,0.6749121,1.5249121,-0.5150879,0.3149121,2.854912,1.7649121,-0.4850879,1.0149121,1.5249121,1.2949121
0.07491211,2.2549121,3.074912,0.9649121,-0.3750879,-1.0650879,-0.7850879,0.14491211,2.624912,4.1449122,3.594912,2.2449121,0.04491211,-0.9150879,1.1749121,3.634912,4.244912,2.544912,0.5949121,1.4149121,1.6549121,0.6449121,0.7449121,3.2249122,5.884912,3.4949121,0.3549121,0.27491212,0.75491214,0.4849121,0.2249121,1.2649121,0.9249121,-0.11508789,-0.0050878907,0.23491211,-0.9850879,-1.8050879,-0.99508786,-0.8150879,-2.175088,-2.0550878,-0.4650879,2.2149122,0.08491211,0.7749121,1.8249121,-1.0550879,-0.8550879,2.034912,1.3349121,-1.1650879,-0.05508789,2.644912,2.114912,1.6849121,1.5249121,0.8649121,1.3249121
