GIS/scripts/widgets/windy/json/gfs_wind_2018011518100.json
{"header": { "discipline":0, "disciplineName":"Meteorological products", "gribEdition":2, "gribLength":61279, "center":7, "centerName":"US National Weather Service - NCEP(WMC)", "subcenter":0, "refTime":"2018-01-15T18:00:00.000Z", "significanceOfRT":1, "significanceOfRTName":"Start of forecast", "productStatus":0, "productStatusName":"Operational products", "productType":1, "productTypeName":"Forecast products", "productDefinitionTemplate":0, "productDefinitionTemplateName":"Analysis/forecast at horizontal level/layer at a point in time", "parameterCategory":2, "parameterCategoryName":"Momentum", "parameterNumber":3, "parameterNumberName":"V-component_of_wind", "parameterUnit":"m.s-1", "genProcessType":2, "genProcessTypeName":"Forecast", "forecastTime":0, "surface1Type":103, "surface1TypeName":"Specified height level above ground", "surface1Value":10.0, "surface2Type":255, "surface2TypeName":"Missing", "surface2Value":0.0, "gridDefinitionTemplate":0, "gridDefinitionTemplateName":"Latitude_Longitude", "numberPoints":40733, "shape":6, "shapeName":"Earth spherical with radius of 6,371,229.0 m", "gridUnits":"degrees", "resolution":48, "winds":"true", "scanMode":64, "nx":253, "ny":161, "basicAngle":0, "lo1":72.0, "la1":15.0, "lo2":135.0, "la2":55.0, "dx":0.25, "dy":0.25 }, "data":
[rows 78 to 103 of 161, columns 0 to 58 of 253]
-2.4545507,-2.6245508,-2.5345507,-2.4445508,-2.7245507,-2.8245509,-3.044551,-2.2745507,-1.7945508,-2.3945508,-2.554551,-2.3845508,-0.23455077,2.0854492,2.3254492,0.93544924,0.5354492,1.0154492,0.8454492,1.5354493,3.1554492,4.2154493,2.9754493,1.3054492,1.6654493,2.6154492,2.7154493,2.4054492,3.5154493,5.475449,5.7354493,6.605449,6.205449,5.4454494,5.835449,6.2754493,5.8854494,4.8454494,4.685449,5.0954494,4.225449,3.3754492,4.0054493,4.285449,4.2354493,4.745449,5.1354494,5.245449,5.065449,4.955449,4.435449,3.5954492,2.8054492,3.2454493,3.8754492,3.8854492,3.6654491,3.6654491,4.435449
-2.9545507,-2.9345508,-2.9645507,-3.0045507,-2.7545507,-2.6545508,-2.5045507,-2.7245507,-2.7645507,-3.0645509,-3.2545507,-2.3845508,-1.0245508,0.5454492,0.9654492,-0.42455077,-1.0445508,-0.29455078,0.9754492,2.7654493,2.9054492,1.9054493,1.3054492,2.6654491,3.4354491,2.9354491,2.7954493,3.5654492,5.145449,7.745449,7.8454494,5.7954493,3.9254491,2.4754493,1.9754492,1.9854492,2.0354493,2.4954493,2.705449,2.8254492,3.1754491,3.3154492,4.085449,4.955449,4.645449,4.625449,4.495449,4.815449,5.075449,5.3454494,5.395449,5.105449,4.575449,5.1154494,5.415449,5.035449,4.5254493,3.3654492,2.8454492
-4.6345506,-3.6945508,-4.274551,-4.834551,-2.0245507,0.22544922,0.5854492,0.8354492,0.21544921,-1.4145508,-1.6245508,-0.44455078,-0.20455079,0.81544924,3.2454493,4.1354494,3.5754492,3.205449,2.3654492,-0.23455077,-2.1345508,-2.044551,0.18544921,3.1454492,3.2854493,2.7654493,2.8254492,2.5154493,3.1554492,4.335449,3.9754493,2.5454493,0.68544924,-0.74455076,-1.9345508,-2.3545508,-2.4045508,-1.4645507,-0.4345508,0.9854492,2.455449,4.085449,4.625449,4.7954493,4.875449,4.2754493,3.7854493,4.055449,5.055449,5.7554493,5.8654494,5.855449,5.665449,5.1954494,4.495449,3.455449,2.2854493,1.3554492,0.99544924
-4.434551,-3.6045508,-2.8845508,-4.024551,-3.0745509,1.0754492,3.7754493,3.7154493,2.1654491,2.1054492,3.6454492,3.3854492,2.7254493,3.4354491,3.7654493,1.6554493,-0.6545508,-1.1545508,-1.5545508,-2.2745507,-1.5545508,-0.29455078,1.7554492,2.8454492,3.1254492,4.055449,4.2754493,3.6654491,2.8754492,2.0554492,0.5254492,-0.7745508,-1.1345508,-0.8445508,-0.5245508,-0.3745508,-0.56455076,-0.05455078,1.1354492,2.1254492,2.7354493,3.0054493,3.5954492,4.1554494,4.5254493,4.435449,4.375449,4.2754493,4.6154494,4.915449,4.8454494,4.4654493,4.015449,2.955449,1.7954493,1.0954492,0.8254492,0.7054492,0.6754492
-3.0045507,-3.3745508,-1.7645508,-1.5045508,-3.554551,-2.5145507,0.88544923,0.32544923,-1.4045508,1.0954492,4.575449,3.8454492,2.0654492,1.8554492,-1.0745507,-2.6145508,-1.5845507,-1.8645508,-1.5245508,0.3154492,2.4354491,3.2554493,3.4954493,3.9054492,4.325449,4.455449,4.1354494,2.9254491,2.2554493,1.2654492,0.26544923,0.7354492,1.9754492,3.3654492,5.1754494,6.5454493,5.7154493,4.645449,5.075449,4.8454494,3.8454492,2.5354493,2.3554492,3.0854492,3.7454493,4.1754494,4.685449,4.935449,4.6354494,4.065449,3.3054492,2.5354493,2.1654491,1.6154492,0.81544924,0.7754492,1.4754492,2.0354493,2.1454492
-0.18455078,-0.9545508,0.49544922,1.9654492,0.6554492,-1.1245508,-0.7045508,0.32544923,1.2154492,2.1454492,0.9854492,-1.1345508,-2.7245507,-3.7845507,-4.184551,-2.3445508,0.80544925,3.2254493,4.4854493,4.5454493,4.475449,4.7954493,5.325449,5.435449,5.7554493,4.955449,4.1754494,3.445449,2.4254491,1.5954492,3.2254493,5.605449,5.805449,6.6954494,6.9254494,5.9054494,6.355449,5.575449,4.705449,4.455449,4.455449,4.315449,3.2954493,3.1654491,2.8854492,2.955449,3.6854491,4.145449,3.8454492,2.8654492,2.2354493,1.7454492,1.9154493,2.6154492,2.9054492,2.5054493,2.2354493,2.4654493,2.5354493
3.2354493,5.3854494,5.575449,4.785449,4.1154494,3.7954493,3.9254491,4.015449,1.4854492,-1.1545508,-1.0245508,1.2854493,1.4354492,-0.2845508,0.3154492,1.9154493,3.4754493,5.2954493,5.605449,6.285449,5.0954494,4.475449,3.8254492,4.075449,5.165449,5.185449,5.015449,5.9454494,5.875449,6.4654493,7.415449,7.585449,6.7954493,6.6754494,6.935449,7.4254494,6.9454494,6.815449,7.015449,5.1354494,3.9354491,3.3854492,3.8054492,3.5854492,3.2554493,2.7754493,2.8254492,2.6354492,2.1554492,2.0354493,2.1554492,2.3354492,2.6554492,3.1354492,3.4054492,2.6854491,1.7654492,1.0454493,0.7054492
1.7454492,4.035449,3.5554492,1.6754493,0.3454492,1.0154492,1.3854492,-0.15455078,-3.304551,-4.424551,-0.5745508,4.9854493,5.685449,5.5054493,6.6354494,7.325449,6.6554494,5.765449,4.1554494,4.9854493,6.4454494,4.4854493,2.0354493,2.5154493,5.415449,5.995449,5.5054493,7.2754493,7.9254494,9.505449,9.405449,6.7754493,7.335449,6.8854494,6.2354493,4.625449,4.855449,6.145449,6.555449,4.7154493,5.565449,4.835449,4.7754493,4.875449,4.685449,3.9254491,3.705449,2.955449,2.1454492,1.9954492,2.3054492,2.8854492,3.205449,2.9154491,2.5654492,1.7954493,1.0554492,0.36544922,-0.3445508
1.5454493,-1.4045508,-0.8445508,1.0054492,0.5254492,-2.0245507,-2.7545507,-2.1745508,-0.94455075,-0.35455078,0.8954492,3.1154492,3.8354492,5.055449,4.565449,5.825449,6.565449,6.035449,3.8954492,4.355449,7.6354494,7.4254494,5.0454493,3.7454493,5.185449,7.0454493,6.805449,6.785449,7.6954494,6.415449,4.3654494,1.6754493,2.0754492,2.7754493,0.5854492,-1.9445508,-2.2145507,-1.5245508,-0.7345508,1.1754493,3.6354492,5.305449,6.1354494,6.105449,6.335449,6.125449,5.495449,5.285449,3.9954493,3.0054493,1.3754492,0.23544922,0.5454492,1.3154492,1.7554492,1.6154492,1.3654492,1.4454492,1.7654492
5.165449,3.5754492,2.5854492,3.3654492,3.3854492,1.5554492,1.0654492,2.1654491,4.185449,4.645449,2.5154493,0.50544924,1.8054492,4.7354493,5.575449,4.805449,5.805449,5.995449,7.145449,8.72545,11.755449,11.045449,11.47545,8.775449,8.595449,8.545449,6.9454494,4.665449,2.0254493,1.3154492,0.44544923,-0.61455077,0.17544922,1.3954492,0.20544922,-1.0245508,-0.39455077,0.23544922,-0.81455076,-1.9345508,-1.0145508,1.1154492,2.195449,2.205449,2.8454492,3.9854493,4.475449,5.065449,5.0054493,4.475449,3.3254492,0.7354492,-0.09455078,0.7054492,1.2054492,1.3154492,1.9154493,2.7154493,3.1154492
5.2154493,5.9254494,6.0954494,5.1154494,3.8654492,2.945449,3.205449,4.2554493,5.0454493,5.145449,3.1554492,1.7954493,3.4854493,5.825449,6.285449,4.395449,5.8454494,8.545449,7.665449,7.1554494,7.5454493,8.655449,8.095449,6.665449,5.745449,7.085449,5.055449,2.1354492,0.38544923,-0.04455078,-0.2745508,-0.9645508,-1.4345508,-1.6645508,-1.7345508,-0.8845508,0.9154492,2.3754492,2.1854491,0.5154492,-0.80455077,-0.9845508,-0.94455075,-1.1945508,-0.7945508,0.3754492,1.6054492,2.6454492,3.6054492,4.6954494,4.825449,5.5254493,5.475449,4.3654494,2.945449,2.1154492,3.2854493,4.1754494,3.8254492
2.8454492,3.8754492,4.6554494,4.395449,5.2554493,6.265449,5.4254494,4.305449,4.625449,6.1954494,6.745449,5.805449,4.3854494,4.375449,4.935449,3.0054493,4.125449,6.835449,4.6554494,2.455449,2.455449,2.9354491,1.3254492,-0.14455079,-0.14455079,0.055449218,-0.7145508,-1.4845508,-1.1445508,-0.48455077,-0.36455077,-0.61455077,-1.0745507,-1.7145507,-2.0745509,-1.8245507,-1.1445508,-0.3745508,0.29544923,0.6054492,0.6554492,0.62544924,0.49544922,0.33544922,0.6654492,1.3654492,1.6554493,1.2254492,1.1054492,1.9854492,3.9154491,5.895449,7.395449,6.7554493,5.4054494,4.6954494,3.9054492,3.2554493,3.3654492
2.3654492,2.5854492,3.3254492,3.8154492,4.495449,5.1954494,5.2354493,4.625449,4.075449,4.325449,5.1954494,5.075449,4.0254493,5.305449,6.0054493,4.065449,3.3554492,4.105449,3.2754493,1.0654492,0.08544922,0.2554492,-0.08455078,-0.3145508,0.0054492187,0.18544921,-0.3445508,-1.0045508,-1.0045508,-0.6545508,-0.50455076,-0.26455078,-0.09455078,-0.20455079,-0.56455076,-1.0245508,-1.4945508,-1.7345508,-1.5745507,-1.2245507,-0.8445508,-0.56455076,-0.4045508,-0.16455078,0.50544924,1.4154493,1.7754493,1.1954492,0.4354492,0.11544922,0.5154492,2.0154493,4.455449,6.7954493,8.345449,7.5254493,5.085449,4.1154494,2.8254492
3.695449,2.9154491,2.1654491,2.1454492,1.5754492,2.0554492,3.4154491,3.7254493,3.3854492,2.9954493,2.9954493,3.3154492,3.1754491,2.3054492,3.2254493,5.055449,4.085449,2.2654493,1.3554492,0.42544922,0.21544921,0.6754492,1.1854492,1.6854492,2.0754492,2.1854491,1.8854492,1.2054492,0.41544923,-0.26455078,-0.7145508,-0.87455076,-0.8945508,-0.87455076,-0.9245508,-1.0245508,-1.1645508,-1.2845508,-1.2845508,-1.1845508,-1.0545508,-1.0045508,-1.2145507,-1.4745507,-1.2945508,-0.69455075,-0.15455078,-0.014550781,-0.16455078,-0.7045508,-1.5545508,-1.8545508,-0.7945508,1.0854492,3.2654493,5.145449,5.645449,5.495449,3.5454493
3.8054492,4.7954493,4.2154493,3.4854493,2.4754493,1.9654492,1.9154493,2.5354493,3.445449,3.7854493,2.9354491,2.0654492,-0.05455078,-1.9445508,-0.41455078,1.9254493,2.0554492,1.0454493,0.20544922,-0.41455078,-0.3145508,0.21544921,0.49544922,0.50544924,0.4054492,0.38544923,0.3154492,0.0054492187,-0.4945508,-0.9245508,-1.1645508,-1.2745508,-1.3545508,-1.3845508,-1.3345507,-1.3845508,-1.3345507,-1.2445508,-1.1445508,-0.99455076,-0.8545508,-0.68455076,-0.69455075,-0.9145508,-1.0545508,-0.9845508,-0.8345508,-0.75455076,-0.8545508,-1.3945508,-2.3245509,-3.0745509,-3.0845509,-2.6045508,-2.1045508,-1.1645508,1.0554492,3.8154492,5.9254494
0.7954492,0.8454492,2.5454493,3.9154491,3.5554492,2.205449,0.56544924,0.8654492,2.4654493,3.2754493,3.4654493,2.8454492,1.7754493,0.7354492,1.3754492,2.2554493,2.8154492,2.4254491,0.9554492,-0.8545508,-1.3345507,-0.62455076,-0.18455078,-0.41455078,-0.8545508,-1.0845507,-1.1845508,-1.3345507,-1.4845508,-1.4545507,-1.2645508,-1.0745507,-0.9845508,-1.0145508,-1.1145508,-1.1945508,-1.3445507,-1.3645508,-1.3445507,-1.3045508,-1.2645508,-1.0445508,-0.7145508,-0.45455077,-0.36455077,-0.4045508,-0.48455077,-0.5945508,-0.81455076,-1.2845508,-2.0145507,-2.6945508,-2.8445508,-2.8745508,-3.3645508,-4.194551,-4.314551,-2.2845507,1.2354492
0.23544922,-1.4245508,-0.8345508,1.0554492,2.7554493,4.065449,3.0854492,1.1554493,1.0654492,2.7954493,4.1154494,4.2554493,3.3854492,2.5054493,1.9254493,1.9654492,2.3754492,1.4454492,-0.7745508,-2.2145507,-1.8245507,-0.47455078,0.15544921,-0.14455079,-0.69455075,-1.0145508,-1.1645508,-1.3045508,-1.4345508,-1.4745507,-1.3745508,-1.2145507,-1.0745507,-1.0345508,-1.0645508,-1.0945507,-1.1645508,-1.2045507,-1.1245508,-1.0845507,-1.0845507,-1.0845507,-0.9045508,-0.7145508,-0.6545508,-0.74455076,-0.86455077,-0.99455076,-1.1145508,-1.2645508,-1.4645507,-1.7045507,-1.7645508,-1.6045508,-1.3945508,-1.8745508,-3.1945508,-4.394551,-4.604551
3.3054492,4.935449,2.9754493,0.3154492,1.4554492,4.7554493,4.875449,1.7854493,1.3954492,4.1354494,5.575449,4.0454493,3.3354492,2.8354492,0.9554492,-0.02455078,-0.33455077,-1.4045508,-2.4545507,-2.3745508,-1.2045507,-0.114550784,0.3154492,-0.004550781,-0.48455077,-0.74455076,-0.86455077,-1.0445508,-1.2445508,-1.3845508,-1.4145508,-1.2945508,-1.0645508,-0.93455076,-0.9045508,-1.0645508,-1.1145508,-1.1345508,-1.0245508,-0.9745508,-1.0545508,-1.1345508,-1.1445508,-1.1545508,-1.2545508,-1.4045508,-1.5545508,-1.6645508,-1.6645508,-1.5045508,-1.2645508,-1.1245508,-1.0845507,-0.94455075,-0.6445508,-0.42455077,-0.61455077,-1.2845508,-2.0845509
5.035449,6.185449,5.2554493,1.9454492,0.93544924,3.3754492,5.015449,4.895449,3.8254492,4.245449,5.1954494,4.995449,4.495449,2.6654491,0.6454492,0.23544922,-0.10455078,-1.0845507,-1.7445508,-1.6245508,-1.0045508,-0.15455078,0.3154492,0.18544921,-0.21455078,-0.47455078,-0.6045508,-0.7645508,-0.9645508,-1.1645508,-1.2645508,-1.1945508,-1.0045508,-0.8945508,-0.9545508,-1.0945507,-1.1845508,-1.1845508,-1.1445508,-1.1945508,-1.2845508,-1.3445507,-1.3545508,-1.3745508,-1.4245508,-1.5445508,-1.7145507,-1.8445507,-1.8545508,-1.6945508,-1.3945508,-1.1045508,-0.94455075,-0.8945508,-0.8245508,-0.6645508,-0.44455078,-0.26455078,-0.114550784
3.4954493,3.9154491,4.3854494,4.745449,4.125449,3.5754492,4.4254494,5.745449,4.935449,4.205449,4.825449,5.3454494,3.1154492,0.5754492,-0.22455078,0.38544923,0.33544922,-0.62455076,-1.6045508,-2.0045507,-1.4645507,-0.23455077,0.7354492,0.9754492,0.6454492,0.19544922,-0.16455078,-0.4345508,-0.6745508,-0.7845508,-0.8545508,-0.81455076,-0.7345508,-0.7745508,-0.9045508,-0.9845508,-0.99455076,-1.0045508,-1.1145508,-1.2945508,-1.4445508,-1.5345508,-1.5745507,-1.6045508,-1.6145508,-1.6145508,-1.6645508,-1.7145507,-1.7245507,-1.6445508,-1.4545507,-1.1545508,-0.8545508,-0.69455075,-0.6645508,-0.6745508,-0.7045508,-0.7645508,-0.7945508
2.945449,2.3754492,2.9654493,4.9854493,5.3454494,5.355449,4.4254494,4.2354493,3.6854491,3.0354493,1.9154493,-0.19455078,-1.9945508,-2.1045508,-1.0545508,0.22544922,0.6454492,0.0054492187,-1.1245508,-1.9345508,-1.8845508,-0.9045508,0.21544921,1.0154492,1.1654493,0.80544925,0.41544923,0.14544922,-0.09455078,-0.23455077,-0.25455078,-0.13455078,-0.014550781,-0.08455078,-0.3145508,-0.55455077,-0.6545508,-0.74455076,-0.8445508,-1.0345508,-1.2345508,-1.4245508,-1.5545508,-1.6345508,-1.6545508,-1.6345508,-1.5845507,-1.5545508,-1.5145508,-1.4545507,-1.3045508,-1.1245508,-0.8845508,-0.68455076,-0.5245508,-0.41455078,-0.39455077,-0.5445508,-0.8345508
3.2954493,2.2654493,1.6854492,2.7454493,3.695449,4.075449,3.8254492,1.7954493,0.16544922,-0.8945508,-2.8245509,-5.044551,-5.414551,-3.3945508,-1.4345508,0.3454492,1.1754493,0.68544924,-0.33455077,-1.3645508,-2.0945508,-1.7445508,-1.3545508,-0.55455077,0.21544921,0.39544922,0.5854492,0.7354492,0.4754492,-0.09455078,-0.47455078,-0.3145508,0.13544922,0.4054492,0.3154492,-0.014550781,-0.29455078,-0.45455077,-0.5345508,-0.6445508,-0.7945508,-0.9545508,-1.0845507,-1.1445508,-1.1745508,-1.2045507,-1.2045507,-1.1845508,-1.1745508,-1.1545508,-1.0845507,-0.99455076,-0.8845508,-0.80455077,-0.7245508,-0.62455076,-0.5345508,-0.4945508,-0.5245508
1.4854492,3.1154492,3.7454493,2.8354492,2.3854492,2.7754493,2.4254491,0.9854492,-0.3745508,-1.4845508,-3.1045508,-4.294551,-4.2245507,-3.554551,-4.3845506,-3.044551,-1.2045507,0.065449215,0.62544924,0.9154492,1.1454492,1.1954492,0.7054492,0.065449215,0.11544922,0.50544924,0.7254492,0.7754492,0.38544923,-0.56455076,-1.4945508,-1.5545508,-0.86455077,-0.12455078,0.3454492,0.3754492,0.17544922,-0.08455078,-0.24455078,-0.3445508,-0.41455078,-0.50455076,-0.61455077,-0.7245508,-0.80455077,-0.87455076,-0.9245508,-0.9745508,-1.0445508,-1.0945507,-1.1045508,-1.1045508,-1.1145508,-1.1145508,-1.1245508,-1.1145508,-1.0645508,-0.99455076,-0.9045508
-1.2645508,0.5154492,1.2154492,0.6054492,0.7154492,1.4754492,2.1054492,3.0354493,2.5454493,0.4654492,-0.7145508,-0.3145508,-0.7345508,-2.9045508,-4.9945507,-5.484551,-4.274551,-3.1145508,-1.8945508,-0.5845508,0.5354492,1.2354492,0.7854492,-0.17455079,0.055449218,1.3054492,2.0854492,2.2254493,1.4854492,0.33544922,-0.8445508,-1.2345508,-1.0145508,-0.5145508,0.0054492187,0.3454492,0.45544922,0.26544923,0.025449218,-0.13455078,-0.23455077,-0.3745508,-0.5845508,-0.8245508,-1.0245508,-1.1845508,-1.3045508,-1.3645508,-1.4045508,-1.5045508,-1.6545508,-1.7745508,-1.7645508,-1.7445508,-1.6345508,-1.5845507,-1.4645507,-1.3745508,-1.3845508
-0.33455077,-0.12455078,-0.38455078,-0.15455078,1.0154492,1.6154492,1.5954492,1.5954492,0.8554492,0.12544923,1.4654492,2.7454493,1.8854492,0.0054492187,-0.8845508,-1.0345508,-1.6145508,-2.5345507,-3.4345508,-4.144551,-4.044551,-3.6945508,-3.4945507,-3.1245508,-2.4145508,-1.0645508,0.41544923,1.7554492,2.2554493,1.6354492,1.0354493,1.0354493,1.0254493,0.5754492,0.15544921,0.10544922,0.20544922,0.20544922,0.07544922,-0.114550784,-0.3145508,-0.5345508,-0.8445508,-1.1645508,-1.4645507,-1.6845508,-1.8545508,-1.9345508,-1.9545507,-2.0345507,-2.2345507,-2.4245508,-2.4445508,-2.304551,-2.0245507,-1.7445508,-1.6445508,-1.8145508,-2.1345508
0.35544923,0.32544923,0.14544922,0.33544922,0.6054492,0.17544922,-0.3745508,-0.14455079,0.6054492,1.7154492,2.4954493,2.7454493,2.9154491,2.7754493,2.0254493,1.2654492,1.3254492,1.7254492,0.8554492,-1.3645508,-3.0945508,-4.104551,-4.254551,-2.8645508,-2.1445508,-2.1845508,-1.8745508,-1.2845508,-0.69455075,-0.014550781,0.9154492,1.7454492,1.6854492,0.63544923,-0.6045508,-1.2245507,-0.99455076,-0.4345508,-0.09455078,-0.08455078,-0.32455078,-0.6645508,-1.0045508,-1.2845508,-1.4845508,-1.6845508,-1.8545508,-1.9445508,-1.9545507,-1.8445507,-1.8445507,-1.9445508,-1.9845508,-1.8445507,-1.6245508,-1.5045508,-1.8645508,-2.6145508,-3.1045508
