GIS/scripts/widgets/windy/json/gfs_wind_2018011518100.json
{"header": { "discipline":0, "disciplineName":"Meteorological products", "gribEdition":2, "gribLength":61279, "center":7, "centerName":"US National Weather Service - NCEP(WMC)", "subcenter":0, "refTime":"2018-01-15T18:00:00.000Z", "significanceOfRT":1, "significanceOfRTName":"Start of forecast", "productStatus":0, "productStatusName":"Operational products", "productType":1, "productTypeName":"Forecast products", "productDefinitionTemplate":0, "productDefinitionTemplateName":"Analysis/forecast at horizontal level/layer at a point in time", "parameterCategory":2, "parameterCategoryName":"Momentum", "parameterNumber":3, "parameterNumberName":"V-component_of_wind", "parameterUnit":"m.s-1", "genProcessType":2, "genProcessTypeName":"Forecast", "forecastTime":0, "surface1Type":103, "surface1TypeName":"Specified height level above ground", "surface1Value":10.0, "surface2Type":255, "surface2TypeName":"Missing", "surface2Value":0.0, "gridDefinitionTemplate":0, "gridDefinitionTemplateName":"Latitude_Longitude", "numberPoints":40733, "shape":6, "shapeName":"Earth spherical with radius of 6,371,229.0 m", "gridUnits":"degrees", "resolution":48, "winds":"true", "scanMode":64, "nx":253, "ny":161, "basicAngle":0, "lo1":72.0, "la1":15.0, "lo2":135.0, "la2":55.0, "dx":0.25, "dy":0.25 }, "data":
[rows 0 to 25 of 161, columns 177 to 235 of 253]
-7.424551,-7.2445507,-7.0345507,-6.7645507,-6.434551,-6.1145506,-5.8045506,-5.4545507,-5.044551,-4.754551,-4.5345507,-3.6445508,-1.6245508,0.4354492,0.7854492,-0.7045508,-1.7545508,-2.6245508,-2.4145508,-1.3545508,-0.7945508,-3.5845509,-7.7645507,-6.1545506,-6.944551,-6.5945506,-5.9545507,-5.5345507,-5.2045507,-4.9745507,-4.9045506,-4.8445506,-4.694551,-4.544551,-4.4545507,-4.4045506,-4.354551,-4.234551,-4.0745506,-3.8245509,-3.6245508,-3.4845507,-3.3745508,-3.3445508,-3.4745507,-3.7045507,-3.9545507,-4.174551,-4.434551,-4.7045507,-4.984551,-5.274551,-5.5545506,-5.8045506,-5.944551,-5.8645506,-5.7045507,-5.5945506,-5.5745506
-7.5145507,-7.374551,-7.174551,-6.914551,-6.564551,-6.184551,-5.8045506,-5.4045506,-4.8645506,-4.424551,-4.2645507,-3.7145507,-1.8945508,0.56544924,1.1954492,-0.5245508,-1.5545508,-1.3845508,-1.1445508,-0.5245508,-0.19455078,-4.374551,-8.364551,-8.504551,-7.4545507,-6.5145507,-5.754551,-5.3845506,-5.1545506,-4.984551,-4.964551,-4.944551,-4.814551,-4.674551,-4.564551,-4.484551,-4.394551,-4.254551,-4.0745506,-3.9745507,-3.8945508,-3.7845507,-3.6845508,-3.6545508,-3.7645507,-3.9945507,-4.174551,-4.394551,-4.6145506,-4.854551,-5.124551,-5.424551,-5.7645507,-6.0545506,-6.2845507,-6.374551,-6.4045506,-6.374551,-6.3045506
-7.5345507,-7.434551,-7.254551,-7.004551,-6.644551,-6.234551,-5.794551,-5.3245506,-4.734551,-4.164551,-3.9245508,-3.6145508,-2.2345507,-0.004550781,0.8554492,0.035449218,0.27544922,0.9254492,0.12544923,-0.4345508,-0.23455077,-3.1745508,-7.314551,-8.454551,-7.8845506,-6.7045507,-5.6145506,-5.174551,-5.0345507,-4.8445506,-4.7445507,-4.7245507,-4.6545506,-4.604551,-4.5345507,-4.444551,-4.3645506,-4.2445507,-4.144551,-4.064551,-4.064551,-4.044551,-4.0145507,-3.9545507,-3.9845507,-4.0745506,-4.124551,-4.3045506,-4.4945507,-4.8045506,-5.0945506,-5.394551,-5.6545506,-5.894551,-6.104551,-6.334551,-6.5145507,-6.584551,-6.544551
-7.564551,-7.4545507,-7.294551,-7.0745506,-6.7445507,-6.2845507,-5.794551,-5.254551,-4.6345506,-3.9945507,-3.6645508,-3.4445508,-2.5845509,-1.0745507,-0.13455078,0.4754492,2.2754493,2.6254492,0.30544922,-1.4245508,-1.0345508,-1.3345507,-5.314551,-7.6145506,-8.204551,-7.0945506,-5.444551,-4.674551,-4.5745506,-4.3845506,-4.2045507,-4.194551,-4.214551,-4.2645507,-4.254551,-4.194551,-4.164551,-4.0945506,-4.004551,-4.004551,-4.0345507,-4.0945506,-4.0945506,-4.064551,-3.9545507,-3.8845508,-3.9345508,-4.084551,-4.254551,-4.544551,-4.8445506,-5.1145506,-5.3445506,-5.524551,-5.694551,-5.894551,-6.0945506,-6.294551,-6.464551
-7.624551,-7.484551,-7.3645506,-7.164551,-6.854551,-6.394551,-5.854551,-5.254551,-4.5545506,-3.8645508,-3.3945508,-3.1245508,-2.4845507,-1.3445507,-0.09455078,1.3854492,3.2154493,1.7154492,-1.4445508,-2.3745508,-1.5145508,-1.2045507,-3.4745507,-6.334551,-8.134551,-7.6145506,-5.5145507,-4.1345506,-3.9145508,-3.8145509,-3.6145508,-3.5845509,-3.6445508,-3.7045507,-3.7645507,-3.794551,-3.7745507,-3.7645507,-3.7645507,-3.7745507,-3.8545508,-3.8645508,-3.8745508,-3.9045508,-3.8145509,-3.7845507,-3.794551,-3.9045508,-4.0345507,-4.2645507,-4.4745507,-4.774551,-5.0345507,-5.2845507,-5.5145507,-5.7045507,-5.924551,-6.214551,-6.5345507
-7.674551,-7.524551,-7.414551,-7.274551,-7.0345507,-6.604551,-6.0545506,-5.3845506,-4.604551,-3.804551,-3.1345508,-2.5845509,-1.7045507,-0.29455078,1.4754492,3.6454492,3.8154492,0.13544922,-2.4245508,-2.7545507,-1.3945508,-0.36455077,-0.7045508,-1.6845508,-6.664551,-7.7645507,-5.8645506,-3.7845507,-3.2745507,-3.2545507,-3.0845509,-3.0245507,-3.0245507,-3.1045508,-3.1945508,-3.2645507,-3.3245509,-3.3845508,-3.4545507,-3.5745509,-3.5945508,-3.5845509,-3.5645509,-3.6345508,-3.6445508,-3.7845507,-3.8645508,-3.9245508,-4.024551,-4.164551,-4.374551,-4.714551,-5.084551,-5.4045506,-5.7045507,-5.9545507,-6.194551,-6.444551,-6.7245507
-7.6345506,-7.5345507,-7.4545507,-7.374551,-7.194551,-6.8445506,-6.314551,-5.6345506,-4.814551,-3.9445508,-3.0845509,-2.1245508,-0.8445508,0.8954492,2.705449,3.8254492,2.5854492,-0.06455078,-1.1845508,-1.4445508,-0.44455078,0.39544922,0.6754492,-0.04455078,-3.3545508,-6.894551,-5.944551,-3.5245507,-2.7045507,-2.7545507,-2.6745508,-2.6045508,-2.5045507,-2.4745507,-2.544551,-2.6645508,-2.804551,-2.9545507,-3.1145508,-3.2845507,-3.3145509,-3.3345509,-3.3545508,-3.4045508,-3.5845509,-3.804551,-3.9345508,-4.004551,-4.144551,-4.254551,-4.4545507,-4.814551,-5.274551,-5.644551,-5.894551,-6.084551,-6.2845507,-6.4945507,-6.7245507
-7.504551,-7.4545507,-7.424551,-7.4045506,-7.3045506,-7.064551,-6.5945506,-5.9545507,-5.184551,-4.334551,-3.4345508,-2.2845507,-0.7245508,1.1554493,2.6354492,2.7554493,1.3654492,0.38544923,0.3454492,-0.10455078,-0.38455078,0.19544922,0.99544924,0.7654492,-0.8545508,-5.164551,-5.184551,-3.044551,-2.1845508,-2.3145509,-2.3345509,-2.3245509,-2.2545507,-2.1645508,-2.1245508,-2.1645508,-2.2745507,-2.4645507,-2.6745508,-2.8745508,-2.9945507,-3.044551,-3.1945508,-3.3545508,-3.5845509,-3.794551,-3.9645507,-4.0745506,-4.194551,-4.2845507,-4.444551,-4.7645507,-5.234551,-5.624551,-5.8045506,-5.874551,-6.004551,-6.2245507,-6.4945507
-7.254551,-7.2845507,-7.3045506,-7.354551,-7.334551,-7.194551,-6.8445506,-6.294551,-5.5745506,-4.834551,-4.1145506,-3.1545508,-1.6045508,0.33544922,1.7154492,1.5154492,0.48544922,0.5254492,1.0154492,0.5954492,-0.14455079,-0.02455078,0.56544924,0.26544923,-0.7845508,-2.4945507,-3.6545508,-2.1245508,-1.6745508,-1.9345508,-2.0145507,-2.1045508,-2.1345508,-2.0645509,-1.9945508,-1.9445508,-1.9345508,-2.0345507,-2.2245507,-2.4645507,-2.6645508,-2.9045508,-3.1545508,-3.4045508,-3.6145508,-3.7645507,-3.8945508,-4.0145507,-4.104551,-4.1545506,-4.3045506,-4.584551,-4.9945507,-5.3645506,-5.564551,-5.6545506,-5.7845507,-5.9745507,-6.234551
-6.9545507,-7.0145507,-7.0945506,-7.2045507,-7.2845507,-7.254551,-7.0145507,-6.5545506,-5.934551,-5.3045506,-4.7645507,-4.1145506,-2.9645507,-1.0645508,0.55544925,0.69544923,-0.10455078,0.09544922,0.62544924,0.75544924,0.5454492,0.30544922,0.26544923,-0.26455078,-0.9845508,-2.4845507,-1.9045508,-0.9745508,-1.1945508,-1.5945507,-1.6445508,-1.7445508,-1.8745508,-1.9345508,-1.9745507,-1.9245508,-1.8745508,-1.8745508,-1.9945508,-2.2245507,-2.544551,-2.9045508,-3.2345507,-3.4545507,-3.5945508,-3.6745508,-3.7745507,-3.8145509,-3.8345509,-3.9845507,-4.184551,-4.424551,-4.6545506,-4.944551,-5.2445507,-5.504551,-5.7245507,-5.9045506,-6.0745506
-6.6145506,-6.7245507,-6.834551,-6.944551,-7.0945506,-7.174551,-7.0545506,-6.734551,-6.2045507,-5.624551,-5.1345506,-4.694551,-3.9145508,-2.3845508,-0.6645508,0.055449218,-0.3745508,-0.5145508,-0.014550781,0.5854492,0.7354492,0.30544922,-0.004550781,-0.20455079,-1.0545508,-1.2345508,-0.36455077,-0.09455078,-0.7945508,-1.1745508,-1.1745508,-1.2645508,-1.4345508,-1.6345508,-1.7945508,-1.8445507,-1.8545508,-1.8545508,-1.9545507,-2.1545508,-2.4645507,-2.8545508,-3.2045507,-3.3645508,-3.4345508,-3.5245507,-3.5145507,-3.5145507,-3.5345507,-3.7545507,-4.044551,-4.2445507,-4.3645506,-4.544551,-4.874551,-5.214551,-5.504551,-5.7245507,-5.894551
-6.374551,-6.464551,-6.5745506,-6.644551,-6.754551,-6.894551,-6.944551,-6.794551,-6.394551,-5.834551,-5.3045506,-4.8645506,-4.294551,-3.304551,-1.9345508,-0.7245508,-0.12455078,-0.19455078,-0.4945508,0.035449218,0.48544922,0.10544922,-0.20455079,-0.04455078,-0.17455079,-0.014550781,0.50544924,0.2854492,-0.41455078,-0.68455076,-0.7245508,-0.87455076,-1.0545508,-1.2745508,-1.4945508,-1.6445508,-1.7145507,-1.8045508,-1.9045508,-2.0645509,-2.304551,-2.6045508,-2.9045508,-3.1245508,-3.2045507,-3.2845507,-3.3445508,-3.3545508,-3.4145508,-3.544551,-3.7545507,-3.9545507,-4.1145506,-4.334551,-4.6145506,-4.8645506,-5.104551,-5.354551,-5.604551
-6.2445507,-6.314551,-6.354551,-6.3445506,-6.374551,-6.484551,-6.6145506,-6.644551,-6.394551,-5.9745507,-5.464551,-4.9945507,-4.524551,-3.9245508,-3.0345507,-1.6945508,0.025449218,0.94544923,0.3454492,0.025449218,0.22544922,0.2854492,0.27544922,0.30544922,0.9154492,1.0854492,0.8354492,0.32544923,-0.08455078,-0.24455078,-0.41455078,-0.6645508,-0.8345508,-1.0045508,-1.1945508,-1.3545508,-1.4745507,-1.5945507,-1.6845508,-1.7945508,-2.0045507,-2.2845507,-2.5945508,-2.8245509,-2.9845507,-3.1145508,-3.2545507,-3.3845508,-3.4845507,-3.5345507,-3.5845509,-3.6945508,-3.8645508,-4.124551,-4.394551,-4.544551,-4.684551,-4.894551,-5.164551
-6.1345506,-6.1345506,-6.164551,-6.144551,-6.0745506,-6.044551,-6.1345506,-6.254551,-6.214551,-5.9945507,-5.644551,-5.234551,-4.814551,-4.334551,-3.6745508,-2.6045508,-0.99455076,0.32544923,0.49544922,0.5954492,0.74544924,0.87544924,1.3054492,1.1454492,1.3254492,2.1254492,1.1554493,0.44544923,0.19544922,0.0054492187,-0.24455078,-0.4645508,-0.5845508,-0.6745508,-0.8245508,-0.9745508,-1.1245508,-1.2545508,-1.3645508,-1.4945508,-1.6845508,-1.9545507,-2.2845507,-2.5345507,-2.6945508,-2.8645508,-3.0945508,-3.3745508,-3.5945508,-3.6845508,-3.6745508,-3.6545508,-3.6845508,-3.8245509,-4.004551,-4.164551,-4.294551,-4.434551,-4.624551
-5.9945507,-5.874551,-5.934551,-6.004551,-5.924551,-5.774551,-5.7045507,-5.7645507,-5.794551,-5.7245507,-5.5745506,-5.3245506,-4.984551,-4.4945507,-3.8845508,-3.1745508,-2.3545508,-1.2445508,0.20544922,1.3554492,2.2554493,3.2954493,3.0854492,2.8354492,2.3754492,2.6054492,1.4154493,0.7654492,0.55544925,0.27544922,-0.004550781,-0.16455078,-0.24455078,-0.3145508,-0.4345508,-0.6045508,-0.81455076,-0.99455076,-1.1745508,-1.3445507,-1.4845508,-1.6845508,-1.9545507,-2.2345507,-2.4445508,-2.5945508,-2.8345509,-3.1745508,-3.4745507,-3.6245508,-3.6645508,-3.6645508,-3.6245508,-3.6345508,-3.7245507,-3.8745508,-4.024551,-4.144551,-4.2445507
-5.9045506,-5.644551,-5.674551,-5.814551,-5.8445506,-5.6545506,-5.424551,-5.334551,-5.314551,-5.2845507,-5.174551,-5.004551,-4.754551,-4.334551,-3.794551,-3.2645507,-2.7545507,-1.7645508,0.3754492,3.0154493,4.605449,4.7154493,4.0954494,3.6854491,3.3254492,2.4754493,1.5554492,1.2054492,1.0354493,0.7254492,0.4354492,0.19544922,0.0054492187,-0.114550784,-0.20455079,-0.36455077,-0.6345508,-0.9145508,-1.1445508,-1.2945508,-1.3845508,-1.4945508,-1.6945508,-1.9645507,-2.2145507,-2.3745508,-2.544551,-2.804551,-3.0645509,-3.2445507,-3.3545508,-3.4445508,-3.5045507,-3.544551,-3.6345508,-3.8145509,-3.9745507,-4.084551,-4.144551
-5.9945507,-5.6145506,-5.434551,-5.484551,-5.564551,-5.504551,-5.334551,-5.1545506,-4.9945507,-4.8245506,-4.604551,-4.374551,-4.144551,-3.8545508,-3.4445508,-2.9145508,-2.1645508,-0.9145508,1.0054492,2.9954493,4.0454493,4.245449,3.9154491,3.4954493,2.955449,2.2454493,1.8254492,1.6954492,1.4854492,1.2254492,0.9554492,0.56544924,0.17544922,-0.02455078,-0.10455078,-0.23455077,-0.4945508,-0.86455077,-1.1545508,-1.3045508,-1.3645508,-1.4045508,-1.5145508,-1.6945508,-1.9045508,-2.0645509,-2.1845508,-2.3645508,-2.5645509,-2.7645507,-2.9445508,-3.1145508,-3.2745507,-3.3945508,-3.5645509,-3.7745507,-3.9645507,-4.064551,-4.124551
-6.144551,-5.774551,-5.3645506,-5.104551,-5.044551,-5.1145506,-5.1545506,-5.0745506,-4.8445506,-4.564551,-4.234551,-3.9145508,-3.6245508,-3.3345509,-2.9645507,-2.3745508,-1.4545507,-0.24455078,1.0854492,2.1554492,2.6754491,2.8854492,3.0754492,2.8854492,2.5554492,2.3254492,2.2254493,2.0654492,1.8354492,1.6554493,1.4554492,1.0354493,0.55544925,0.23544922,0.08544922,-0.07455078,-0.3745508,-0.75455076,-1.0645508,-1.2445508,-1.3245507,-1.3345507,-1.3545508,-1.4345508,-1.5645508,-1.7045507,-1.8445507,-1.9945508,-2.1945508,-2.4145508,-2.6545508,-2.8845508,-3.0945508,-3.294551,-3.5245507,-3.7645507,-3.9445508,-4.044551,-4.064551
-6.1345506,-5.984551,-5.5745506,-5.044551,-4.6345506,-4.524551,-4.644551,-4.774551,-4.734551,-4.4945507,-4.194551,-3.8845508,-3.544551,-3.1445508,-2.6245508,-1.9545507,-1.1545508,-0.3145508,0.41544923,1.0054492,1.4854492,1.9154493,2.205449,2.2454493,2.4054492,2.5154493,2.5254493,2.3554492,2.1454492,1.9954492,1.8154492,1.4954492,1.0954492,0.7254492,0.41544923,0.16544922,-0.12455078,-0.42455077,-0.7145508,-0.9645508,-1.1445508,-1.2145507,-1.2345508,-1.2645508,-1.3745508,-1.5045508,-1.6545508,-1.8245507,-2.0245507,-2.2645507,-2.5245507,-2.7745507,-3.0345507,-3.2745507,-3.5345507,-3.7745507,-3.9445508,-4.024551,-4.064551
-5.7445507,-5.924551,-5.8445506,-5.414551,-4.7845507,-4.234551,-4.044551,-4.184551,-4.374551,-4.3845506,-4.234551,-3.9845507,-3.6345508,-3.1545508,-2.554551,-1.9245508,-1.3245507,-0.7945508,-0.35455078,0.07544922,0.5354492,0.9754492,1.3854492,1.8154492,2.2754493,2.5954492,2.7454493,2.7454493,2.5454493,2.2354493,1.9554492,1.7154492,1.4654492,1.1354492,0.7754492,0.48544922,0.26544923,0.065449215,-0.16455078,-0.4645508,-0.7745508,-0.9845508,-1.1045508,-1.1945508,-1.3145508,-1.4545507,-1.6045508,-1.7645508,-1.9445508,-2.1545508,-2.3845508,-2.6245508,-2.8845508,-3.1245508,-3.3645508,-3.6045508,-3.804551,-3.9445508,-4.0545506
-5.144551,-5.504551,-5.754551,-5.694551,-5.2245507,-4.4945507,-3.8745508,-3.6645508,-3.794551,-3.9945507,-4.024551,-3.8445508,-3.5245507,-3.1045508,-2.6445508,-2.2245507,-1.8445507,-1.4645507,-1.0545508,-0.6345508,-0.24455078,0.12544923,0.5854492,1.2254492,1.8854492,2.4154491,2.8154492,2.9754493,2.8054492,2.3654492,1.9654492,1.7454492,1.5854492,1.3754492,1.0854492,0.8254492,0.6454492,0.5154492,0.33544922,0.035449218,-0.3145508,-0.62455076,-0.86455077,-1.0545508,-1.2345508,-1.3945508,-1.5345508,-1.6445508,-1.7645508,-1.9245508,-2.1045508,-2.3145509,-2.5345507,-2.7545507,-2.9845507,-3.2345507,-3.4845507,-3.7045507,-3.8945508
-4.604551,-4.964551,-5.3045506,-5.5145507,-5.444551,-4.9545507,-4.2245507,-3.6345508,-3.3945508,-3.4345508,-3.5045507,-3.4145508,-3.1845508,-2.9045508,-2.6745508,-2.5145507,-2.3245509,-2.0045507,-1.5345508,-1.0345508,-0.5845508,-0.20455079,0.21544921,0.80544925,1.4954492,2.1454492,2.6154492,2.8454492,2.7654493,2.4654493,2.1454492,1.9354492,1.7854493,1.6154492,1.3954492,1.1854492,1.0354493,0.88544923,0.7054492,0.45544922,0.13544922,-0.17455079,-0.4645508,-0.7345508,-0.9745508,-1.1745508,-1.3145508,-1.4045508,-1.4945508,-1.6145508,-1.7745508,-1.9445508,-2.1245508,-2.304551,-2.5045507,-2.7745507,-3.0645509,-3.3145509,-3.5245507
-4.294551,-4.544551,-4.794551,-5.064551,-5.2845507,-5.2045507,-4.7445507,-4.0945506,-3.5245507,-3.2345507,-3.1845508,-3.1745508,-3.0845509,-2.9245508,-2.7645507,-2.6445508,-2.4345508,-2.0245507,-1.5045508,-0.9745508,-0.4645508,0.025449218,0.5254492,1.0654492,1.6754493,2.1654491,2.4854493,2.6554492,2.7154493,2.6754491,2.5854492,2.4354491,2.2554493,2.0454493,1.8254492,1.6254492,1.4654492,1.3354492,1.1754493,0.9654492,0.68544924,0.38544923,0.065449215,-0.25455078,-0.55455077,-0.80455077,-0.9745508,-1.1045508,-1.2045507,-1.3245507,-1.4645507,-1.6145508,-1.7645508,-1.9045508,-2.0845509,-2.3445508,-2.6245508,-2.8645508,-3.044551
-4.1145506,-4.314551,-4.4945507,-4.7245507,-4.984551,-5.144551,-5.0345507,-4.6145506,-4.0545506,-3.6245508,-3.5145507,-3.544551,-3.5045507,-3.4345508,-3.2745507,-3.0645509,-2.6845508,-2.1245508,-1.4845508,-0.9145508,-0.39455077,0.16544922,0.7854492,1.6054492,2.3254492,2.6054492,2.7154493,2.8054492,2.9054492,2.9754493,2.9954493,2.9254491,2.7554493,2.5354493,2.2754493,2.0654492,1.9254493,1.8554492,1.7654492,1.5954492,1.3354492,1.0154492,0.6554492,0.29544923,-0.06455078,-0.35455078,-0.56455076,-0.7045508,-0.8245508,-0.9845508,-1.1645508,-1.3245507,-1.4545507,-1.5845507,-1.7645508,-2.0145507,-2.2845507,-2.5045507,-2.6745508
-4.044551,-4.2445507,-4.444551,-4.6345506,-4.8245506,-4.964551,-4.9745507,-4.794551,-4.424551,-4.1145506,-4.0145507,-4.0345507,-4.0345507,-4.0145507,-3.9445508,-3.8145509,-3.5845509,-3.1445508,-2.4645507,-1.6445508,-0.87455076,-0.18455078,0.5954492,1.7154492,2.8454492,3.2954493,3.3754492,3.3554492,3.3454492,3.2854493,3.1854491,3.0854492,2.9754493,2.8154492,2.6154492,2.4054492,2.2654493,2.2154493,2.195449,2.0754492,1.8554492,1.5454493,1.1754493,0.7854492,0.41544923,0.13544922,-0.034550782,-0.12455078,-0.23455077,-0.45455077,-0.7245508,-0.94455075,-1.1245508,-1.3145508,-1.5645508,-1.8545508,-2.1245508,-2.3545508,-2.5645509
-4.0945506,-4.294551,-4.5145507,-4.7045507,-4.854551,-4.914551,-4.924551,-4.8445506,-4.6345506,-4.3245506,-4.0745506,-3.9045508,-3.8945508,-3.9745507,-4.124551,-4.3045506,-4.544551,-4.7045507,-4.4545507,-3.5245507,-2.2445507,-1.2045507,-0.19455078,1.2454492,2.7354493,3.7154493,4.105449,4.105449,3.9354491,3.705449,3.4854493,3.3054492,3.1354492,2.9954493,2.8154492,2.6054492,2.4154491,2.2954493,2.2154493,2.1354492,1.9954492,1.7954493,1.5154492,1.1854492,0.8554492,0.6154492,0.5254492,0.48544922,0.38544923,0.14544922,-0.18455078,-0.4645508,-0.7345508,-1.0445508,-1.4345508,-1.8045508,-2.1145508,-2.3645508,-2.6045508
