GIS/scripts/widgets/windy/json/wind_lev_10_m_above_ground_2018030618_002.json
{"header": {"discipline":0,"disciplineName":"Meteorological products","gribEdition":2,"gribLength":57619,"center":7,"centerName":"US National Weather Service - NCEP(WMC)","subcenter":0,"refTime":"2018-03-06T18:00:00.000Z","significanceOfRT":1,"significanceOfRTName":"Start of forecast","productStatus":0,"productStatusName":"Operational products","productType":1,"productTypeName":"Forecast products","productDefinitionTemplate":0,"productDefinitionTemplateName":"Analysis/forecast at horizontal level/layer at a point in time","parameterCategory":2,"parameterCategoryName":"Momentum","parameterNumber":3,"parameterNumberName":"V-component_of_wind","parameterUnit":"m.s-1","genProcessType":2,"genProcessTypeName":"Forecast","forecastTime":2,"surface1Type":103,"surface1TypeName":"Specified height level above ground","surface1Value":10.0,"surface2Type":255,"surface2TypeName":"Missing","surface2Value":0.0,"gridDefinitionTemplate":0,"gridDefinitionTemplateName":"Latitude_Longitude","numberPoints":38293,"shape":6,"shapeName":"Earth spherical with radius of 6,371,229.0 m","gridUnits":"degrees","resolution":48,"winds":"true","scanMode":64,"nx":257,"ny":149,"basicAngle":0,"lo1":72.0,"la1":17.0,"lo2":136.0,"la2":54.0,"dx":0.25,"dy":0.25}, "data":
[rows 99 to 131 of 149, columns 148 to 221 of 257]
-5.289,-3.539,-2.439,-1.719,-0.869,0.491,1.991,3.071,3.311,3.781,4.711,6.051,7.011,7.091,6.791,5.971,5.411,5.361,5.721,6.401,7.071,7.311,7.201,6.921,6.461,6.021,5.941,6.241,6.221,5.401,4.451,3.651,3.501,3.251,3.101,3.241,3.471,3.621,2.991,2.831,4.441,7.061,7.431,5.201,2.711,1.751,1.571,1.591,1.151,0.591,0.211,-0.399,-1.159,-1.439,-1.389,-1.209,-1.059,-0.859,-0.579,-0.179,0.321,0.541,0.561,0.431,0.231,-0.129,-0.489,-0.289,0.301,0.491,0.081,-0.209,0.091,0.681
-6.029,-5.309,-4.609,-4.169,-3.619,-2.669,-0.979,0.811,2.031,2.841,4.071,5.491,6.601,6.781,6.341,5.641,5.351,5.341,5.571,6.261,7.221,8.041,8.491,8.531,8.181,7.831,7.471,7.091,6.601,5.671,5.201,4.371,3.581,3.091,3.051,3.291,3.651,3.551,2.851,2.391,4.101,6.961,8.221,7.291,5.721,4.011,3.771,3.241,1.991,0.751,0.171,-0.049,-0.559,-1.089,-1.329,-1.309,-1.169,-0.999,-0.759,-0.489,-0.289,-0.069,0.181,0.421,0.611,0.691,0.631,0.511,0.451,0.431,0.331,0.361,0.671,1.061
-6.459,-6.179,-5.739,-5.439,-5.289,-5.059,-4.209,-2.789,-1.049,0.771,2.671,4.461,5.841,6.281,6.061,5.831,5.611,5.801,6.031,6.361,7.091,7.991,8.781,9.231,9.491,9.361,8.751,7.781,6.701,5.711,5.221,5.261,4.661,3.671,3.421,3.361,3.231,2.671,1.611,1.491,3.001,5.431,7.011,7.241,5.811,6.101,5.821,4.901,2.951,1.301,0.551,0.301,-0.049,-0.659,-1.129,-1.329,-1.389,-1.339,-1.009,-0.479,-0.059,0.151,0.311,0.311,0.141,0.141,0.301,0.521,0.971,1.161,1.231,1.331,1.131,0.551
-7.789,-7.469,-6.929,-6.499,-6.469,-6.519,-6.239,-5.309,-3.719,-1.939,-0.149,1.591,3.111,4.131,4.761,5.011,5.201,5.561,5.821,5.841,5.451,6.231,7.121,8.211,8.981,9.181,8.801,7.981,6.981,6.361,6.661,7.121,6.471,5.481,3.831,2.691,2.021,1.631,1.331,1.691,2.781,4.221,4.861,5.151,5.211,5.391,5.761,5.201,3.821,2.381,1.331,0.691,0.021,-0.679,-1.159,-1.349,-1.339,-1.269,-1.159,-0.789,-0.279,0.071,0.231,0.271,0.251,0.001,-0.449,-0.839,-0.589,0.281,0.771,0.651,0.271,0.011
-8.799,-8.989,-8.839,-8.349,-7.849,-7.209,-6.949,-6.429,-5.639,-4.719,-3.759,-2.719,-1.509,-0.419,0.391,1.051,1.801,2.801,3.861,4.531,4.691,4.851,5.391,6.511,7.621,8.281,8.291,7.731,7.101,7.231,8.201,8.921,8.341,6.191,3.601,1.791,0.721,0.401,0.661,1.391,2.421,3.231,3.511,3.821,4.281,4.701,4.961,4.611,3.901,3.011,2.061,1.071,0.281,-0.349,-0.819,-1.119,-1.239,-1.179,-1.029,-0.779,-0.429,-0.249,-0.159,0.281,0.841,0.851,0.101,-0.809,-1.259,-0.999,-0.159,0.391,0.391,0.201
-9.639,-9.959,-10.059,-9.919,-9.509,-8.949,-8.289,-7.909,-7.649,-7.349,-6.889,-6.309,-5.479,-4.639,-4.179,-3.819,-3.029,-1.499,0.341,1.961,3.101,3.801,4.511,5.501,6.571,7.371,7.571,7.251,6.941,7.241,8.021,8.041,6.271,3.041,0.591,-0.909,-1.469,-1.389,-0.909,-0.249,0.461,1.261,2.121,3.041,3.861,4.051,3.841,3.121,2.451,2.091,1.861,1.441,0.881,0.411,-0.079,-0.619,-1.009,-1.159,-1.019,-0.659,-0.129,0.261,0.361,0.481,0.751,0.791,0.561,0.171,-0.399,-0.879,-0.929,-0.379,0.141,0.221
-9.109,-9.079,-8.959,-8.989,-9.249,-9.469,-9.219,-8.669,-8.229,-7.959,-7.469,-6.779,-6.139,-5.809,-5.989,-6.439,-6.419,-5.259,-3.749,-2.269,-0.909,0.311,1.641,3.051,4.631,5.991,6.961,7.481,7.611,7.691,7.721,6.991,4.511,1.021,-1.359,-2.159,-2.139,-1.769,-1.279,-1.009,-0.899,-0.489,0.321,1.321,2.131,2.431,2.101,1.581,1.121,0.981,1.001,0.961,0.821,0.641,0.351,-0.069,-0.509,-0.809,-0.889,-0.719,-0.269,0.281,0.711,0.741,0.551,0.451,0.531,0.591,0.471,0.111,-0.389,-0.719,-0.379,0.301
-7.969,-7.959,-8.039,-8.259,-8.539,-8.649,-8.319,-7.739,-7.329,-7.159,-6.889,-6.219,-5.439,-5.029,-5.269,-6.029,-6.719,-6.499,-6.119,-5.809,-5.279,-4.189,-2.699,-1.099,0.221,1.361,2.591,3.901,5.051,5.961,6.701,7.721,6.341,3.751,1.381,0.631,0.411,0.221,-0.019,-0.219,-0.379,-0.329,0.051,0.561,0.901,1.091,1.151,1.131,1.061,0.921,0.751,0.601,0.561,0.611,0.611,0.461,0.151,-0.189,-0.429,-0.529,-0.419,-0.099,0.321,0.501,0.361,0.141,-0.049,-0.089,0.251,0.811,1.061,0.331,-0.519,-0.219
-7.269,-7.659,-8.109,-8.659,-8.959,-8.759,-8.219,-7.819,-7.729,-7.759,-7.559,-6.809,-5.699,-4.709,-4.319,-4.599,-5.099,-5.239,-5.439,-6.039,-6.479,-6.149,-5.159,-4.199,-4.059,-4.359,-4.819,-4.349,-2.689,0.081,4.221,8.211,9.331,7.381,4.431,2.791,2.011,1.371,0.681,0.231,0.381,0.741,0.861,0.831,0.901,1.011,1.181,1.411,1.561,1.491,1.321,1.151,1.041,1.031,1.041,0.951,0.731,0.441,0.181,-0.029,-0.239,-0.329,-0.219,0.001,0.171,0.061,-0.289,-0.599,-0.479,0.161,0.851,0.581,-0.089,-0.379
-7.309,-7.509,-7.819,-8.059,-8.169,-8.139,-8.119,-8.279,-8.679,-9.039,-8.999,-8.279,-7.089,-5.829,-4.999,-4.689,-4.599,-4.659,-4.639,-5.049,-5.719,-5.939,-5.399,-4.569,-4.989,-6.819,-7.839,-8.019,-6.489,-3.889,0.381,5.261,7.861,7.611,5.081,3.961,3.031,2.081,1.131,0.501,0.411,0.471,0.571,0.881,1.191,1.231,1.201,1.351,1.621,1.861,2.001,2.051,1.991,1.871,1.731,1.531,1.251,1.001,0.811,0.621,0.341,0.051,-0.099,-0.059,0.071,0.131,0.011,-0.319,-0.679,-0.779,-0.349,0.341,0.611,0.421
-8.059,-8.019,-7.969,-7.819,-7.489,-7.269,-7.429,-7.809,-8.329,-8.869,-9.169,-8.999,-8.249,-7.229,-6.259,-5.679,-5.429,-5.179,-4.879,-4.839,-5.179,-5.549,-5.459,-5.039,-4.959,-5.579,-6.169,-7.069,-6.649,-5.529,-2.869,-0.159,1.811,3.231,4.661,5.281,4.761,3.491,2.291,1.431,0.701,0.271,0.421,0.601,0.691,0.671,0.881,1.271,1.611,1.991,2.391,2.651,2.681,2.541,2.301,2.031,1.711,1.471,1.321,1.201,0.991,0.831,0.611,0.381,0.231,0.191,0.161,0.041,-0.219,-0.499,-0.499,-0.009,0.561,0.781
-9.279,-9.329,-9.169,-8.849,-8.439,-8.089,-7.959,-8.339,-8.429,-8.349,-8.289,-8.379,-8.319,-7.709,-6.789,-6.539,-6.239,-5.699,-4.999,-4.609,-4.819,-5.339,-5.619,-5.439,-5.009,-4.859,-5.349,-6.259,-6.219,-5.359,-3.809,-2.579,-1.339,0.341,2.311,4.131,5.151,4.321,3.941,3.071,1.971,1.511,1.511,0.981,0.291,0.321,0.801,1.151,1.281,1.551,2.011,2.371,2.561,2.491,2.291,2.041,1.811,1.601,1.431,1.371,1.321,1.311,1.211,0.931,0.651,0.501,0.391,0.271,0.161,-0.029,-0.169,-0.019,0.211,0.191
-8.659,-8.949,-8.939,-8.819,-8.769,-8.699,-8.599,-8.399,-8.329,-8.069,-7.849,-7.899,-7.999,-7.739,-7.199,-6.779,-6.419,-5.839,-5.129,-4.649,-4.889,-5.359,-5.639,-5.719,-5.859,-6.249,-6.749,-7.019,-6.559,-5.159,-3.469,-2.039,-0.759,0.561,1.721,2.451,2.791,3.341,4.291,4.521,3.811,3.151,2.701,1.551,0.551,0.391,0.581,0.571,0.441,0.431,0.731,1.251,1.691,1.901,1.931,1.821,1.711,1.551,1.441,1.341,1.351,1.471,1.611,1.611,1.441,1.161,0.841,0.581,0.431,0.331,0.241,0.231,0.161,-0.109
-7.059,-7.389,-7.549,-7.539,-7.559,-7.489,-7.339,-7.289,-7.459,-7.689,-7.829,-7.869,-7.809,-7.549,-6.999,-6.339,-5.799,-5.349,-4.779,-4.209,-4.369,-5.139,-5.739,-6.249,-6.669,-7.179,-7.669,-7.779,-7.189,-5.649,-3.599,-1.629,-0.339,0.591,1.021,1.091,1.191,1.711,2.671,3.701,4.251,4.081,3.221,2.221,1.281,0.681,0.331,0.091,-0.099,-0.269,-0.179,0.281,0.841,1.201,1.431,1.601,1.661,1.611,1.531,1.371,1.341,1.401,1.591,1.771,1.821,1.641,1.371,1.201,1.141,1.131,1.071,0.891,0.501,-0.079
-6.729,-7.099,-7.299,-7.199,-6.889,-6.489,-6.319,-6.579,-7.159,-7.609,-7.609,-7.309,-6.949,-6.689,-6.289,-5.859,-5.549,-5.289,-4.879,-4.319,-4.169,-4.729,-5.479,-6.009,-6.359,-6.579,-6.769,-7.169,-7.039,-5.959,-4.229,-2.609,-1.669,-1.119,-0.579,-0.089,0.361,0.901,1.451,2.131,3.061,3.871,3.851,2.801,1.841,0.961,0.421,0.181,0.001,-0.169,-0.139,0.141,0.531,0.861,1.161,1.441,1.681,1.811,1.811,1.701,1.551,1.401,1.341,1.431,1.581,1.651,1.651,1.621,1.591,1.591,1.601,1.451,0.831,-0.039
-6.389,-6.849,-7.169,-7.189,-7.059,-6.859,-6.919,-7.379,-7.979,-8.319,-8.139,-7.749,-7.429,-6.999,-6.169,-5.109,-4.829,-5.009,-5.249,-5.219,-4.929,-4.549,-4.439,-4.479,-4.549,-4.789,-4.919,-5.489,-5.859,-5.219,-4.069,-3.209,-2.889,-2.749,-2.319,-1.679,-0.989,-0.349,0.051,0.361,0.891,1.521,1.651,1.211,0.511,0.061,-0.139,-0.279,-0.289,-0.139,0.121,0.421,0.721,0.941,1.141,1.401,1.681,1.941,2.021,1.961,1.771,1.561,1.441,1.431,1.461,1.421,1.361,1.471,1.731,1.971,2.051,1.901,1.491,0.921
-5.349,-5.959,-6.439,-6.659,-6.699,-6.669,-6.719,-7.069,-7.549,-7.869,-7.899,-7.699,-7.279,-7.039,-6.559,-5.359,-4.689,-4.829,-5.009,-4.649,-4.389,-3.769,-3.069,-2.959,-3.169,-3.599,-3.889,-4.089,-4.509,-3.959,-3.079,-2.779,-2.459,-2.259,-2.089,-1.829,-1.449,-1.049,-0.809,-0.699,-0.489,-0.199,-0.059,-0.169,-0.399,-0.549,-0.629,-0.699,-0.759,-0.589,-0.239,0.271,0.751,1.031,1.231,1.461,1.701,1.921,2.011,2.051,1.971,1.841,1.771,1.751,1.681,1.481,1.331,1.391,1.671,2.021,2.081,1.841,1.641,1.581
-5.829,-6.349,-6.679,-6.779,-6.679,-6.469,-6.299,-6.239,-6.379,-6.549,-6.659,-6.649,-6.489,-6.119,-5.779,-5.399,-5.089,-4.979,-4.829,-4.449,-3.939,-3.519,-3.149,-3.039,-3.119,-3.149,-3.359,-3.979,-4.269,-3.559,-2.539,-1.959,-1.729,-1.489,-1.119,-0.709,-0.339,0.001,0.241,0.311,0.221,0.001,-0.229,-0.359,-0.359,-0.419,-0.509,-0.579,-0.639,-0.629,-0.459,-0.119,0.331,0.781,1.131,1.391,1.601,1.781,1.911,1.961,2.031,2.081,2.091,2.061,2.011,1.931,1.831,1.691,1.601,1.681,1.751,1.561,1.131,0.771
-6.249,-6.639,-7.079,-7.189,-7.019,-6.679,-6.429,-6.069,-5.779,-5.559,-5.489,-5.629,-5.849,-5.689,-5.269,-4.559,-4.139,-3.969,-3.969,-3.909,-3.829,-3.849,-3.809,-3.709,-3.489,-3.299,-3.169,-3.229,-3.709,-3.469,-2.649,-2.049,-1.789,-1.599,-1.379,-0.959,-0.479,0.001,0.501,0.871,0.901,0.551,0.001,-0.569,-0.799,-0.789,-0.849,-0.949,-0.809,-0.669,-0.749,-0.739,-0.359,0.231,0.711,1.041,1.301,1.521,1.671,1.791,1.931,2.071,2.111,2.121,2.131,2.091,1.991,1.831,1.611,1.601,1.691,1.661,1.411,1.031
-3.659,-4.109,-5.119,-5.689,-5.789,-5.759,-5.569,-5.309,-5.309,-5.169,-5.159,-5.229,-5.469,-5.569,-5.029,-4.119,-3.529,-3.359,-3.419,-3.399,-3.359,-3.369,-3.339,-3.359,-3.389,-3.269,-3.369,-3.379,-3.219,-3.069,-2.519,-1.999,-1.589,-1.399,-1.299,-1.169,-1.079,-0.909,-0.559,-0.099,0.251,0.371,0.171,-0.309,-0.669,-0.729,-0.719,-0.759,-0.869,-1.049,-1.149,-1.019,-0.689,-0.309,0.071,0.481,0.921,1.291,1.541,1.681,1.821,1.961,2.061,2.101,2.081,2.131,2.001,1.781,1.641,1.651,1.731,1.851,1.921,1.811
-0.289,-0.929,-1.789,-2.399,-2.859,-3.189,-3.229,-3.429,-4.289,-4.549,-4.709,-4.939,-4.809,-4.869,-4.519,-4.179,-4.049,-4.089,-4.009,-3.839,-3.559,-3.239,-3.109,-3.279,-3.389,-3.479,-3.829,-3.909,-3.569,-3.199,-2.789,-2.259,-1.739,-1.289,-0.809,-0.439,-0.339,-0.439,-0.499,-0.459,-0.269,-0.029,0.131,0.011,-0.429,-0.819,-0.919,-0.869,-0.919,-0.969,-0.929,-0.809,-0.829,-0.779,-0.509,-0.039,0.511,1.031,1.411,1.641,1.811,1.951,2.011,2.121,2.261,2.301,2.151,1.971,1.901,1.881,1.821,1.841,1.961,2.041
0.351,-0.369,-1.199,-1.699,-1.959,-1.999,-2.079,-2.419,-2.909,-3.119,-3.069,-3.069,-3.309,-3.709,-4.109,-4.159,-4.009,-3.559,-3.469,-3.479,-3.499,-3.399,-3.219,-2.989,-2.809,-3.049,-3.569,-3.679,-3.419,-3.089,-2.799,-2.549,-2.269,-1.889,-1.369,-0.719,-0.089,0.281,0.271,0.021,-0.199,-0.219,0.011,0.221,-0.029,-0.649,-0.959,-0.919,-0.719,-0.649,-0.839,-1.069,-1.119,-0.989,-0.869,-0.699,-0.329,0.221,0.791,1.241,1.521,1.741,1.901,2.051,2.281,2.381,2.241,2.091,2.051,2.081,2.091,2.001,1.901,1.871
-1.029,-1.469,-1.929,-2.249,-2.439,-2.299,-1.999,-1.759,-1.759,-1.849,-1.829,-1.919,-2.179,-2.659,-2.989,-3.059,-3.089,-2.969,-2.829,-2.839,-2.939,-3.069,-2.949,-2.539,-2.079,-1.919,-2.119,-2.489,-2.679,-2.539,-2.309,-2.179,-2.109,-2.019,-1.829,-1.459,-0.859,-0.189,0.281,0.421,0.251,-0.019,0.011,0.381,0.591,0.301,-0.219,-0.529,-0.619,-0.879,-1.329,-1.339,-1.249,-1.069,-1.139,-1.289,-1.279,-0.949,-0.389,0.201,0.711,1.111,1.451,1.751,2.041,2.261,2.351,2.241,2.081,2.091,2.281,2.351,2.231,2.081
-1.829,-2.129,-2.379,-2.369,-2.449,-2.359,-2.319,-2.119,-1.799,-1.529,-1.399,-1.409,-1.539,-1.679,-1.679,-1.709,-1.939,-2.209,-2.489,-2.619,-2.819,-2.979,-2.879,-2.669,-2.339,-1.989,-1.769,-1.829,-1.989,-1.949,-1.769,-1.629,-1.549,-1.419,-1.209,-0.979,-0.749,-0.429,0.001,0.341,0.341,0.031,-0.209,-0.149,0.031,0.111,-0.079,-0.429,-0.729,-1.049,-1.049,-0.869,-0.759,-1.059,-1.209,-1.269,-1.439,-1.509,-1.249,-0.809,-0.239,0.361,0.921,1.371,1.721,2.031,2.301,2.361,2.221,2.141,2.391,2.681,2.721,2.531
-1.589,-1.699,-1.879,-1.969,-2.199,-2.489,-2.579,-2.619,-2.479,-2.259,-1.979,-1.669,-1.409,-1.359,-1.339,-1.299,-1.369,-1.619,-1.829,-1.999,-2.209,-2.419,-2.499,-2.539,-2.559,-2.489,-2.379,-2.259,-2.109,-1.749,-1.389,-1.249,-1.219,-1.089,-0.739,-0.269,0.081,0.141,0.061,0.041,0.151,0.261,0.311,0.371,0.471,0.571,0.441,-0.029,-0.499,-0.749,-0.589,-0.509,-0.779,-1.069,-1.259,-1.179,-1.189,-1.279,-1.279,-1.079,-0.649,-0.109,0.461,0.981,1.391,1.751,2.071,2.231,2.261,2.281,2.431,2.711,2.811,2.591
-1.369,-1.019,-0.799,-0.759,-0.809,-0.969,-1.109,-1.319,-1.719,-2.099,-2.249,-2.229,-2.069,-1.979,-1.919,-1.869,-1.759,-1.779,-1.949,-2.169,-2.349,-2.489,-2.559,-2.619,-2.669,-2.769,-2.729,-2.589,-2.339,-2.039,-1.739,-1.539,-1.389,-1.159,-0.739,-0.169,0.311,0.481,0.411,0.311,0.321,0.391,0.491,0.621,0.821,1.001,0.931,0.531,0.041,-0.139,0.011,0.021,-0.219,-0.549,-0.899,-1.059,-0.959,-0.929,-1.019,-0.999,-0.719,-0.279,0.221,0.711,1.111,1.321,1.421,1.511,1.741,2.101,2.461,2.681,2.781,2.571
-1.339,-1.169,-1.109,-0.879,-0.439,0.071,0.271,0.051,-0.449,-1.069,-1.619,-1.919,-2.219,-2.279,-2.199,-2.099,-2.029,-2.059,-2.169,-2.289,-2.369,-2.479,-2.599,-2.689,-2.719,-2.769,-2.769,-2.589,-2.429,-2.399,-2.329,-2.019,-1.649,-1.189,-0.619,0.051,0.591,0.871,0.971,0.931,0.771,0.601,0.621,0.731,0.851,0.991,0.971,0.651,0.131,-0.129,-0.069,-0.029,-0.149,-0.449,-0.799,-0.899,-0.819,-0.749,-0.769,-0.809,-0.739,-0.449,0.111,0.821,1.411,1.681,1.631,1.461,1.481,1.861,2.381,2.751,2.891,2.591
-2.119,-1.679,-1.469,-1.239,-0.939,-0.579,-0.269,-0.119,-0.139,-0.269,-0.449,-0.689,-0.979,-1.269,-1.499,-1.649,-1.759,-1.849,-1.849,-1.899,-1.899,-2.019,-2.319,-2.679,-2.979,-3.129,-3.199,-3.179,-3.099,-3.069,-2.809,-2.349,-1.749,-1.129,-0.369,0.481,1.121,1.371,1.351,1.231,1.181,1.231,1.381,1.381,1.251,1.161,1.101,1.061,0.701,0.281,-0.069,-0.249,-0.309,-0.269,-0.239,-0.299,-0.499,-0.579,-0.509,-0.529,-0.669,-0.589,-0.119,0.611,1.211,1.451,1.421,1.311,1.341,1.671,2.231,2.641,2.531,2.221
-0.859,-0.839,-0.879,-1.099,-1.259,-1.329,-1.139,-0.799,-0.459,-0.229,-0.099,-0.119,-0.249,-0.469,-0.829,-1.309,-1.679,-1.789,-1.839,-1.999,-2.119,-2.289,-2.379,-2.599,-2.909,-3.159,-3.239,-3.089,-2.989,-2.919,-3.069,-2.879,-2.499,-1.999,-0.719,0.361,1.171,1.551,1.521,1.381,1.431,1.661,1.861,1.881,1.771,1.701,1.651,1.701,1.531,0.921,0.301,-0.199,-0.399,-0.289,-0.259,-0.369,-0.459,-0.429,-0.349,-0.419,-0.549,-0.459,-0.089,0.391,0.731,0.801,0.841,0.971,1.171,1.521,2.001,2.531,2.951,3.301
0.621,0.091,-0.509,-1.149,-1.809,-1.749,-1.449,-0.889,-0.469,-0.279,-0.249,-0.279,-0.359,-0.429,-0.519,-0.659,-0.859,-1.049,-1.259,-1.479,-1.659,-1.789,-1.879,-1.969,-2.049,-2.089,-1.959,-1.799,-1.809,-2.069,-2.589,-3.069,-3.069,-2.749,-2.069,-0.679,0.311,1.041,1.391,1.441,1.471,1.591,1.771,1.901,1.981,1.991,1.891,1.661,1.131,0.441,-0.099,-0.269,-0.099,0.061,-0.099,-0.369,-0.449,-0.319,-0.229,-0.319,-0.439,-0.349,-0.089,0.271,0.701,1.031,1.261,1.451,1.581,1.641,1.811,2.271,2.981,3.421
0.701,-0.029,-0.989,-1.689,-2.209,-2.439,-1.859,-1.609,-1.559,-1.109,-0.659,-0.369,-0.139,-0.059,-0.209,-0.369,-0.359,-0.289,-0.339,-0.429,-0.459,-0.539,-0.799,-1.119,-1.269,-1.229,-1.079,-1.039,-1.259,-1.689,-2.299,-2.739,-2.839,-2.599,-2.209,-1.469,-0.459,0.371,0.811,0.931,1.131,1.441,1.711,1.751,1.591,1.441,1.261,1.111,0.871,0.531,0.121,-0.159,-0.129,0.151,0.401,0.321,0.041,-0.139,-0.169,-0.139,-0.079,-0.069,-0.079,0.031,0.381,0.881,1.211,1.421,1.541,1.571,1.461,1.661,2.241,2.911
0.481,0.611,0.031,-0.639,-0.969,-1.129,-1.509,-2.109,-2.599,-1.709,-1.089,-0.689,-0.659,-0.479,-0.269,-0.469,-0.889,-1.039,-0.959,-0.779,-0.579,-0.409,-0.379,-0.489,-0.659,-0.809,-0.889,-0.999,-1.119,-1.239,-1.289,-1.429,-1.769,-1.979,-2.029,-1.799,-1.079,-0.269,0.291,0.621,0.981,1.351,1.501,1.431,1.301,1.141,0.881,0.741,0.941,1.261,1.171,0.381,-0.329,-0.619,-0.309,0.121,0.231,0.061,-0.059,0.011,0.161,0.171,0.091,0.081,0.211,0.531,0.961,1.381,1.631,1.651,1.151,0.901,1.011,1.691
0.441,1.061,1.291,1.081,0.581,0.271,-0.009,-0.519,-1.119,-1.309,-1.319,-1.419,-1.659,-1.689,-1.209,-0.679,-0.719,-1.069,-1.199,-1.169,-1.039,-0.909,-0.829,-0.729,-0.639,-0.579,-0.609,-0.749,-0.919,-1.039,-0.979,-0.919,-1.099,-1.479,-1.869,-1.929,-1.699,-1.119,-0.329,0.481,1.171,1.611,1.821,1.871,1.931,1.901,1.681,1.341,1.111,1.021,0.751,0.451,0.091,-0.209,-0.319,-0.279,-0.229,-0.239,-0.259,-0.209,-0.149,-0.159,-0.149,0.051,0.451,0.891,1.251,1.521,1.631,1.371,0.871,0.471,0.301,0.721
