GIS/scripts/widgets/windy/json/wind_lev_10_m_above_ground_2018030618_002.json
{"header": {"discipline":0,"disciplineName":"Meteorological products","gribEdition":2,"gribLength":57619,"center":7,"centerName":"US National Weather Service - NCEP(WMC)","subcenter":0,"refTime":"2018-03-06T18:00:00.000Z","significanceOfRT":1,"significanceOfRTName":"Start of forecast","productStatus":0,"productStatusName":"Operational products","productType":1,"productTypeName":"Forecast products","productDefinitionTemplate":0,"productDefinitionTemplateName":"Analysis/forecast at horizontal level/layer at a point in time","parameterCategory":2,"parameterCategoryName":"Momentum","parameterNumber":2,"parameterNumberName":"U-component_of_wind","parameterUnit":"m.s-1","genProcessType":2,"genProcessTypeName":"Forecast","forecastTime":2,"surface1Type":103,"surface1TypeName":"Specified height level above ground","surface1Value":10.0,"surface2Type":255,"surface2TypeName":"Missing","surface2Value":0.0,"gridDefinitionTemplate":0,"gridDefinitionTemplateName":"Latitude_Longitude","numberPoints":38293,"shape":6,"shapeName":"Earth spherical with radius of 6,371,229.0 m","gridUnits":"degrees","resolution":48,"winds":"true","scanMode":64,"nx":257,"ny":149,"basicAngle":0,"lo1":72.0,"la1":17.0,"lo2":136.0,"la2":54.0,"dx":0.25,"dy":0.25}, "data":
[rows 33 to 65 of 149, columns 146 to 218 of 257]
-1.104,-0.234,-0.004,0.226,-0.124,-0.664,-0.594,-1.564,-1.974,-1.184,-0.834,-0.234,-0.284,-1.014,-0.764,-0.754,-0.104,0.876,0.376,-0.134,-0.104,-0.774,-1.194,-0.774,-0.824,0.106,0.146,-0.234,-0.204,-0.394,-0.224,0.116,-0.594,-0.944,-0.564,-0.644,-1.084,-1.074,-0.624,-0.934,-0.614,-0.434,-2.154,-4.014,-6.414,-6.994,-6.654,-6.674,-7.554,-8.474,-8.714,-8.114,-5.414,-6.044,-6.484,-6.974,-6.924,-6.344,-5.554,-5.024,-4.794,-4.514,-3.984,-3.504,-3.284,-3.264,-3.214,-2.964,-2.604,-2.324,-2.194,-2.244,-2.434
-1.084,-0.404,-0.064,0.746,0.816,-0.044,-0.024,-1.334,-2.384,-1.954,-0.614,0.426,0.516,-1.064,-2.044,-2.174,-1.964,-0.334,0.106,-0.054,0.356,-0.414,-1.134,-1.014,-0.514,0.066,-0.034,0.046,0.196,-0.244,0.186,0.666,-0.254,-1.014,-0.584,-0.674,-1.174,-1.274,-0.974,-0.844,-0.604,-0.244,-0.534,-1.664,-3.944,-6.284,-6.434,-6.204,-6.444,-7.034,-7.544,-7.684,-7.424,-7.114,-7.054,-7.054,-6.794,-6.174,-5.474,-4.974,-4.564,-4.054,-3.524,-3.224,-3.144,-3.144,-3.064,-2.804,-2.504,-2.284,-2.174,-2.284,-2.844
-1.004,-0.704,-0.624,0.186,1.186,0.706,-0.084,-1.024,-1.674,-1.864,-1.724,-0.724,0.616,-0.364,-1.884,-2.814,-2.674,-1.524,-0.434,0.366,0.636,-0.124,-0.854,-1.294,-0.744,-0.034,0.026,0.556,0.876,0.476,0.376,0.356,-0.284,-1.074,-0.974,-0.994,-1.224,-0.954,-1.094,-1.164,-0.974,-0.894,-0.704,-0.544,-1.814,-5.114,-6.124,-6.144,-6.124,-6.304,-6.594,-6.844,-6.974,-7.024,-7.014,-6.844,-6.384,-5.724,-5.144,-4.704,-4.234,-3.734,-3.374,-3.184,-3.064,-2.934,-2.774,-2.604,-2.464,-2.274,-2.144,-2.404,-3.414
-1.424,-1.224,-0.614,-0.074,1.086,0.696,-0.264,-0.764,-1.274,-1.474,-1.754,-1.164,0.136,-0.264,-0.664,-0.884,-1.454,-0.904,-0.274,0.316,0.536,0.216,-0.154,-1.284,-1.094,0.336,0.836,0.946,1.126,0.816,0.266,-0.534,-0.804,-1.124,-1.144,-1.194,-1.424,-0.864,-0.974,-1.504,-1.064,-0.984,-1.064,-0.794,-1.514,-4.134,-5.654,-6.004,-5.944,-5.894,-6.074,-6.344,-6.604,-6.794,-6.764,-6.374,-5.754,-5.174,-4.784,-4.464,-4.074,-3.694,-3.464,-3.284,-3.054,-2.774,-2.564,-2.504,-2.444,-2.284,-2.194,-2.694,-4.124
-0.994,-1.474,-0.584,-0.324,0.616,0.286,-0.354,-0.704,-0.894,-0.894,-1.024,-0.804,-0.864,-1.114,-0.554,-0.234,-0.454,-0.614,-0.494,0.336,0.996,0.526,0.246,-0.844,-1.484,0.146,1.156,1.066,0.736,0.576,-0.114,-1.004,-1.304,-1.354,-1.294,-1.124,-1.424,-1.314,-1.064,-1.004,-0.814,-0.964,-1.054,-0.914,-1.284,-3.394,-4.954,-5.734,-5.814,-5.614,-5.684,-5.994,-6.274,-6.424,-6.244,-5.744,-5.214,-4.864,-4.624,-4.334,-4.004,-3.744,-3.584,-3.384,-3.044,-2.654,-2.434,-2.454,-2.494,-2.404,-2.454,-3.264,-5.024
-0.294,-0.854,-0.394,-0.534,0.316,0.526,-0.274,-1.094,-0.504,-0.304,-1.204,-0.844,-0.994,-1.234,-0.774,-0.274,-0.254,-0.914,-1.004,0.466,1.406,0.336,-0.404,-0.524,-0.984,-0.114,0.696,0.806,0.546,0.356,-0.234,-1.134,-1.434,-1.264,-1.224,-1.224,-1.184,-1.194,-1.184,-0.754,-0.904,-1.174,-1.284,-1.124,-1.454,-2.444,-3.854,-5.194,-5.754,-5.514,-5.424,-5.624,-5.824,-5.884,-5.664,-5.304,-5.034,-4.824,-4.554,-4.234,-3.954,-3.774,-3.644,-3.384,-2.964,-2.564,-2.424,-2.544,-2.644,-2.684,-2.934,-4.034,-6.044
-0.274,-0.154,-0.054,-0.324,0.306,0.836,-0.114,-1.024,-0.584,-0.954,-1.774,-1.424,-0.984,-1.064,-0.504,0.166,-0.054,-0.954,-1.034,0.066,0.676,-0.274,-1.334,-1.374,-0.744,0.096,0.426,0.596,0.646,0.366,0.026,-0.864,-1.354,-1.034,-0.954,-1.204,-1.094,-0.804,-0.834,-0.764,-1.134,-1.084,-1.444,-1.484,-1.314,-1.674,-1.774,-3.984,-5.354,-5.294,-5.174,-5.274,-5.354,-5.354,-5.244,-5.104,-5.004,-4.814,-4.504,-4.174,-3.954,-3.814,-3.644,-3.324,-2.894,-2.584,-2.614,-2.834,-2.964,-3.054,-3.464,-4.774,-6.894
-0.364,-0.244,-0.264,-0.124,0.416,0.936,0.176,-0.564,-0.584,-1.784,-2.324,-2.334,-2.174,-1.574,-0.454,0.246,-0.154,-0.704,-0.524,-0.124,-0.244,-0.464,-1.294,-2.104,-1.294,-0.524,-0.224,0.366,0.466,-0.104,-0.144,-0.374,-0.804,-0.934,-0.904,-1.114,-1.174,-0.864,-0.214,0.086,-0.644,-1.324,-1.614,-1.254,-1.144,-1.044,-0.134,-1.464,-3.914,-4.514,-4.774,-4.934,-4.924,-4.894,-4.894,-4.864,-4.834,-4.704,-4.434,-4.154,-3.964,-3.844,-3.664,-3.324,-2.904,-2.674,-2.854,-3.174,-3.304,-3.374,-3.874,-5.264,-7.344
-0.604,-0.794,-0.874,-0.374,0.366,0.886,0.636,-0.004,-0.264,-0.824,-1.684,-2.354,-2.404,-2.004,-1.124,-0.434,-0.284,-0.164,-0.064,0.196,-0.064,-0.434,-0.804,-1.184,-1.204,-1.054,-0.764,-0.014,0.096,-0.634,-0.794,-0.134,0.416,0.006,-0.454,-0.734,-1.144,-1.044,-0.374,0.186,0.276,-1.104,-2.004,-1.234,-1.104,-1.404,0.126,0.196,-1.404,-3.064,-4.104,-4.514,-4.534,-4.554,-4.544,-4.494,-4.504,-4.504,-4.354,-4.104,-3.934,-3.854,-3.724,-3.414,-2.974,-2.754,-3.014,-3.464,-3.604,-3.674,-4.254,-5.684,-7.564
-1.014,-1.074,-1.344,-1.134,-0.474,0.126,0.766,0.656,-0.164,-0.294,-0.614,-1.254,-1.404,-1.254,-1.374,-0.924,-0.084,0.206,0.196,0.426,0.256,-0.594,-1.194,-0.964,-0.674,-0.624,-0.454,-0.344,-0.544,-0.904,-0.804,-0.194,0.756,0.756,0.396,-0.274,-1.134,-0.754,-0.804,-0.644,0.336,-0.734,-1.964,-1.444,-1.144,-1.334,-0.754,0.096,-0.204,-1.644,-3.144,-3.964,-4.234,-4.364,-4.314,-4.184,-4.204,-4.314,-4.264,-4.074,-3.944,-3.874,-3.744,-3.474,-3.094,-2.894,-3.184,-3.644,-3.854,-4.014,-4.774,-6.254,-7.924
-1.254,-0.764,-1.244,-1.884,-1.424,-0.914,0.056,0.666,-0.224,-0.894,-0.504,-0.824,-0.874,-0.704,-1.034,-0.664,0.216,0.576,0.496,0.376,0.096,-0.674,-1.584,-1.544,-1.154,-0.844,-0.724,-1.064,-1.324,-0.884,-0.374,-0.034,0.526,0.586,0.546,-0.114,-1.034,-0.494,-0.774,-0.824,-0.334,-1.134,-1.854,-1.414,-1.064,-1.244,-1.304,-0.574,-0.034,-0.694,-2.054,-3.114,-3.764,-4.124,-4.154,-3.994,-4.024,-4.194,-4.214,-4.124,-4.054,-3.954,-3.814,-3.604,-3.304,-3.154,-3.414,-3.814,-4.074,-4.454,-5.474,-7.024,-8.514
-1.824,-0.864,-0.924,-1.824,-1.524,-1.484,-0.914,-0.274,-0.404,-0.964,-0.894,-0.934,-0.754,-0.164,0.006,0.146,0.636,0.946,0.976,0.626,0.266,-0.434,-1.274,-1.344,-1.204,-1.204,-1.394,-1.904,-1.904,-1.064,-0.364,-0.044,0.156,0.136,0.046,-0.354,-0.984,-1.064,-0.974,-0.434,-0.674,-1.274,-1.574,-1.584,-1.344,-1.334,-1.194,-0.794,-0.304,-0.264,-0.664,-1.644,-2.674,-3.564,-3.974,-3.914,-3.954,-4.194,-4.284,-4.254,-4.224,-4.144,-4.004,-3.814,-3.564,-3.454,-3.664,-4.014,-4.334,-4.964,-6.214,-7.804,-9.154
-2.514,-1.634,-0.954,-1.604,-1.164,-1.474,-1.534,-1.294,-1.114,-0.774,-0.884,-0.804,-0.544,-0.094,0.496,0.796,1.036,1.226,1.236,1.156,0.756,0.006,-0.924,-0.734,-0.444,-0.844,-1.544,-2.044,-1.844,-1.224,-0.754,-0.514,-0.354,-0.314,-0.594,-0.974,-1.374,-1.924,-1.434,-0.584,-0.964,-1.184,-1.244,-1.524,-1.384,-1.184,-1.104,-0.964,-0.734,-0.404,0.276,0.356,-0.964,-2.724,-3.794,-3.914,-3.964,-4.294,-4.484,-4.454,-4.434,-4.374,-4.244,-4.054,-3.814,-3.734,-3.924,-4.244,-4.674,-5.474,-6.824,-8.374,-9.634
-2.634,-1.854,-1.174,-1.204,-0.874,-1.164,-1.774,-2.014,-2.114,-1.804,-1.284,-0.874,-0.434,-0.074,0.406,0.706,0.956,0.966,0.956,1.186,0.826,-0.024,-0.984,-0.644,-0.064,-0.244,-0.664,-1.394,-1.644,-1.074,-0.754,-0.794,-0.594,-0.334,-0.314,-0.694,-1.734,-2.234,-1.834,-1.314,-1.534,-1.414,-1.354,-1.414,-1.224,-0.844,-1.064,-1.274,-1.054,-0.904,0.366,1.196,0.236,-2.134,-3.744,-3.994,-3.974,-4.404,-4.744,-4.744,-4.664,-4.614,-4.474,-4.264,-4.044,-4.004,-4.194,-4.524,-5.074,-5.964,-7.264,-8.684,-9.864
-1.884,-1.474,-1.004,-1.314,-0.664,-1.084,-2.024,-1.934,-1.994,-2.304,-2.154,-1.554,-0.804,-0.284,-0.094,0.196,0.536,0.716,0.956,1.046,0.496,-0.384,-1.064,-0.634,-0.354,-0.514,0.036,-0.274,-1.174,-0.664,-0.504,-0.894,-0.794,-0.274,0.216,0.186,-1.064,-2.034,-1.754,-1.764,-2.204,-2.304,-1.804,-1.534,-1.084,-0.654,-0.974,-1.424,-1.374,-1.174,-0.104,0.976,0.536,-1.724,-3.644,-4.014,-3.984,-4.474,-4.964,-5.054,-4.974,-4.894,-4.724,-4.444,-4.214,-4.234,-4.444,-4.814,-5.464,-6.424,-7.604,-8.804,-9.864
-1.294,-0.884,-0.904,-1.414,-0.954,-1.224,-2.064,-1.744,-1.434,-1.594,-1.634,-1.544,-1.324,-0.814,-0.634,-0.274,0.346,0.766,0.806,0.476,-0.114,-0.634,-0.824,-0.314,-0.364,-1.064,-0.604,-0.074,-0.164,-0.174,-0.664,-1.634,-1.394,-0.614,-0.234,-0.094,-0.834,-1.784,-1.824,-1.764,-2.384,-2.434,-2.124,-1.714,-1.454,-1.154,-1.174,-1.764,-1.664,-1.184,-0.724,0.436,0.716,-1.044,-3.224,-3.984,-4.104,-4.544,-5.094,-5.324,-5.284,-5.134,-4.884,-4.524,-4.364,-4.484,-4.714,-5.104,-5.814,-6.834,-7.914,-8.914,-9.794
-0.884,-0.894,-0.744,-1.174,-1.274,-1.184,-1.414,-1.354,-1.164,-1.394,-1.194,-1.304,-1.364,-0.984,-0.734,-0.324,0.316,0.706,0.496,-0.094,-0.364,-0.414,-0.634,-0.394,-0.244,-0.684,-0.714,-0.304,0.146,-0.214,-1.464,-1.854,-1.084,-0.504,-0.624,-0.804,-1.114,-1.784,-2.084,-1.694,-2.024,-2.144,-1.504,-1.554,-1.804,-1.414,-1.204,-1.834,-1.624,-1.234,-1.224,0.196,1.066,-0.114,-2.824,-4.174,-4.394,-4.694,-5.234,-5.614,-5.694,-5.534,-5.114,-4.704,-4.604,-4.754,-5.004,-5.354,-6.044,-7.104,-8.204,-9.064,-9.714
-0.824,-1.184,-0.604,-0.684,-1.184,-0.774,-0.734,-1.244,-1.184,-1.384,-1.494,-1.244,-1.204,-0.974,-0.634,-0.234,0.216,0.566,0.236,-0.564,-0.734,-0.404,-0.534,-0.654,-0.524,-0.374,-0.244,-0.164,-0.004,-0.664,-1.644,-1.694,-0.514,0.016,-0.264,-0.854,-1.604,-1.674,-1.564,-1.474,-1.654,-2.104,-1.894,-1.424,-1.384,-1.094,-0.774,-1.504,-1.324,-1.184,-1.584,-0.034,0.876,-0.214,-2.974,-4.634,-4.864,-5.034,-5.524,-5.974,-6.214,-6.154,-5.734,-5.244,-5.024,-5.094,-5.284,-5.554,-6.154,-7.194,-8.354,-9.184,-9.634
-0.684,-1.114,-0.374,0.046,-0.514,-0.224,-0.394,-1.204,-1.034,-1.194,-1.584,-1.154,-0.924,-0.824,-0.494,-0.184,0.096,0.406,0.166,-0.694,-1.264,-1.084,-0.964,-1.224,-1.004,-0.314,0.086,0.116,0.196,-0.684,-2.164,-2.794,-1.554,-0.424,-0.154,-0.484,-1.284,-1.624,-1.424,-1.564,-1.654,-1.974,-1.724,-1.484,-1.374,-1.314,-0.884,-1.384,-1.174,-1.004,-1.404,-0.224,0.226,-0.824,-3.204,-4.984,-5.284,-5.494,-5.934,-6.394,-6.744,-6.834,-6.544,-6.054,-5.654,-5.484,-5.534,-5.734,-6.224,-7.154,-8.274,-9.184,-9.564
-0.084,-0.554,-0.194,0.276,-0.434,-0.394,-0.494,-1.154,-0.654,-0.844,-1.094,-0.514,-0.224,-0.314,-0.244,-0.154,-0.034,0.146,0.016,-0.594,-1.074,-1.104,-1.404,-1.824,-1.684,-0.584,0.356,0.766,0.876,0.056,-1.984,-4.804,-4.264,-1.714,-0.584,-0.324,-0.564,-1.214,-1.324,-0.814,-1.264,-1.924,-1.554,-1.504,-1.704,-1.554,-1.504,-1.814,-1.854,-1.774,-1.784,-1.404,-1.684,-3.294,-4.164,-4.444,-5.514,-5.954,-6.394,-6.844,-7.224,-7.404,-7.264,-6.834,-6.364,-6.004,-5.864,-5.944,-6.294,-7.014,-8.034,-9.034,-9.554
0.036,-0.294,-0.614,-0.524,-1.064,-1.124,-0.984,-1.404,-1.204,-1.294,-1.144,-0.454,-0.004,-0.084,-0.194,-0.184,-0.104,-0.054,-0.204,-0.524,-0.744,-0.834,-1.134,-1.514,-1.454,-0.364,0.586,1.106,0.996,0.546,-0.624,-2.694,-3.664,-2.334,-1.134,-0.544,-0.304,-0.494,-0.674,-0.314,-0.664,-1.384,-1.354,-1.674,-1.864,-1.604,-2.194,-2.984,-3.724,-4.294,-4.574,-4.134,-5.564,-5.954,-5.654,-5.364,-5.524,-6.264,-6.854,-7.304,-7.644,-7.824,-7.784,-7.554,-7.164,-6.724,-6.394,-6.294,-6.434,-6.884,-7.664,-8.684,-9.444
-0.654,-0.654,-1.304,-1.074,-1.014,-1.304,-1.474,-1.904,-2.014,-1.494,-1.184,-1.104,-0.994,-0.734,-0.604,-0.314,0.026,0.056,-0.264,-0.654,-0.784,-0.704,-0.754,-0.854,-0.524,0.126,0.676,0.866,0.776,0.616,-0.074,-1.464,-2.844,-2.654,-2.054,-1.744,-1.484,-1.244,-0.964,-0.784,-0.984,-1.214,-1.534,-2.064,-2.094,-2.054,-2.474,-3.164,-3.294,-3.744,-5.604,-7.004,-7.174,-6.834,-6.114,-5.394,-5.284,-6.244,-7.194,-7.714,-8.024,-8.164,-8.254,-8.264,-8.064,-7.654,-7.214,-6.944,-6.864,-6.984,-7.404,-8.134,-8.924
-1.294,-0.964,-1.614,-1.604,-1.164,-1.284,-1.504,-1.414,-1.344,-0.824,-0.874,-1.424,-1.604,-1.304,-0.984,-0.344,0.336,0.326,-0.184,-0.734,-0.894,-0.684,-0.604,-0.664,-0.354,0.056,0.366,0.696,0.616,0.206,-0.554,-1.184,-1.834,-2.824,-3.024,-3.384,-4.074,-4.044,-3.624,-2.934,-3.194,-3.704,-3.784,-3.514,-3.594,-3.864,-3.234,-3.224,-2.894,-2.804,-3.414,-4.174,-5.744,-6.034,-5.964,-5.444,-5.234,-6.014,-7.204,-7.954,-8.334,-8.524,-8.714,-8.904,-8.894,-8.624,-8.234,-7.914,-7.664,-7.524,-7.544,-7.714,-8.004
-1.174,-1.494,-1.824,-1.674,-1.374,-1.244,-1.234,-1.094,-1.324,-1.504,-1.124,-0.824,-1.024,-1.124,-0.914,-0.094,0.586,0.376,-0.144,-0.634,-0.874,-0.724,-0.654,-0.584,-0.274,-0.094,0.066,0.296,0.016,-0.574,-1.114,-1.294,-1.534,-1.834,-2.844,-4.084,-5.184,-5.704,-5.694,-5.644,-6.024,-6.244,-5.894,-5.344,-4.984,-4.684,-4.224,-4.554,-3.364,-2.544,-2.634,-2.974,-3.134,-3.664,-5.634,-6.034,-5.894,-6.344,-7.334,-8.044,-8.494,-8.754,-8.964,-9.244,-9.374,-9.304,-9.124,-8.924,-8.664,-8.374,-8.124,-7.794,-7.384
-0.384,-1.384,-1.744,-1.234,-1.154,-1.184,-1.184,-1.084,-1.174,-1.644,-0.984,-0.044,-0.674,-0.994,-0.484,0.356,0.726,0.206,-0.084,-0.254,-0.604,-0.784,-0.784,-0.394,-0.064,-0.104,-0.264,-0.344,-0.634,-0.874,-1.314,-1.834,-2.054,-2.204,-2.734,-3.964,-4.974,-5.554,-5.764,-5.844,-6.014,-5.714,-5.774,-5.294,-4.494,-4.054,-5.614,-5.554,-4.214,-3.194,-3.064,-3.264,-3.304,-4.224,-6.054,-6.314,-6.304,-6.564,-7.184,-7.854,-8.404,-8.694,-8.904,-9.234,-9.484,-9.614,-9.664,-9.644,-9.484,-9.214,-8.914,-8.484,-7.714
-0.274,-0.764,-0.864,-0.764,-1.004,-1.194,-0.724,-0.464,-0.034,-0.644,-0.464,0.226,-0.104,-0.104,0.176,0.696,0.706,0.086,0.066,0.136,-0.334,-0.934,-0.994,-0.564,-0.374,-0.574,-0.774,-0.914,-1.244,-1.864,-2.474,-3.684,-4.264,-4.004,-3.924,-4.374,-5.324,-5.574,-5.404,-5.344,-5.354,-5.324,-5.334,-5.034,-4.444,-4.524,-4.894,-4.764,-4.084,-3.454,-3.684,-4.054,-5.084,-5.414,-6.334,-6.364,-6.264,-6.354,-6.774,-7.394,-8.004,-8.364,-8.664,-9.084,-9.454,-9.744,-9.914,-10.004,-9.984,-9.824,-9.624,-9.334,-8.714
-0.704,-0.684,-0.724,-0.524,-0.794,-0.704,-0.324,-0.414,0.156,-0.054,-0.244,0.086,0.586,0.866,0.686,0.686,0.536,0.186,0.226,0.136,-0.624,-1.254,-1.034,-0.744,-1.054,-1.774,-2.394,-2.974,-3.414,-4.064,-4.884,-4.974,-4.744,-4.544,-4.514,-4.654,-4.964,-5.224,-5.244,-5.094,-4.924,-5.124,-5.284,-5.014,-4.514,-4.264,-4.244,-4.144,-3.994,-4.164,-4.534,-4.394,-4.704,-5.284,-6.314,-6.354,-6.184,-6.154,-6.394,-6.854,-7.404,-7.804,-8.234,-8.824,-9.394,-9.824,-10.074,-10.184,-10.244,-10.244,-10.154,-9.984,-9.614
-0.964,-0.764,-0.844,-0.664,-0.654,-0.664,-0.414,-0.314,-0.144,-0.464,-0.544,-0.124,0.736,1.146,0.746,0.266,-0.054,-0.114,-0.024,-0.264,-0.944,-1.064,-1.044,-1.134,-2.034,-3.364,-4.414,-5.054,-5.404,-5.364,-5.044,-4.614,-4.404,-4.554,-4.744,-4.774,-4.834,-5.014,-5.104,-4.944,-4.764,-4.724,-4.944,-4.764,-4.434,-4.304,-4.244,-4.024,-4.224,-4.284,-3.684,-3.664,-4.084,-5.394,-6.384,-6.354,-6.214,-6.184,-6.364,-6.604,-6.894,-7.134,-7.614,-8.314,-9.044,-9.684,-10.064,-10.284,-10.454,-10.564,-10.564,-10.454,-10.224
-1.074,-0.564,-0.524,-0.764,-0.894,-1.034,-0.664,-0.344,-0.504,-0.774,-0.564,0.076,0.906,1.266,0.556,-0.544,-1.144,-1.044,-0.764,-0.724,-1.014,-1.294,-1.664,-2.194,-3.104,-4.324,-5.174,-5.394,-5.164,-4.814,-4.544,-4.394,-4.424,-4.624,-4.804,-4.834,-4.804,-4.914,-5.054,-4.954,-4.764,-4.534,-4.594,-4.474,-4.334,-4.824,-4.214,-3.814,-3.524,-3.424,-3.574,-4.134,-6.034,-6.654,-6.684,-6.464,-6.384,-6.424,-6.534,-6.594,-6.604,-6.594,-6.914,-7.574,-8.334,-9.044,-9.624,-10.094,-10.504,-10.814,-10.924,-10.874,-10.744
-1.194,-0.744,-0.564,-0.854,-0.994,-0.874,-0.684,-0.404,-0.504,-0.444,0.006,0.566,1.136,1.166,0.006,-1.394,-2.034,-1.914,-1.754,-1.774,-2.004,-2.274,-2.594,-2.984,-3.594,-4.334,-4.774,-4.694,-4.364,-4.214,-4.304,-4.434,-4.484,-4.534,-4.634,-4.744,-4.754,-4.744,-4.964,-5.014,-4.974,-4.774,-4.724,-4.654,-4.394,-4.084,-3.844,-3.504,-3.364,-3.784,-5.094,-6.474,-6.864,-6.994,-6.754,-6.534,-6.454,-6.494,-6.584,-6.574,-6.454,-6.414,-6.664,-7.144,-7.684,-8.224,-8.774,-9.394,-10.094,-10.734,-11.134,-11.254,-11.214
-1.034,-0.914,-0.934,-1.274,-1.484,-1.364,-0.994,-0.444,-0.234,0.176,0.856,1.356,1.606,0.856,-0.574,-1.824,-2.214,-2.044,-2.104,-2.414,-2.514,-2.464,-2.634,-2.994,-3.434,-3.844,-4.074,-4.004,-3.884,-3.944,-4.154,-4.304,-4.404,-4.474,-4.574,-4.734,-4.844,-4.814,-4.914,-4.944,-4.824,-4.644,-4.794,-5.884,-4.454,-3.784,-3.474,-3.274,-3.404,-4.254,-6.424,-7.194,-7.134,-6.954,-6.774,-6.574,-6.404,-6.374,-6.424,-6.434,-6.454,-6.574,-6.884,-7.244,-7.524,-7.764,-8.024,-8.434,-9.064,-9.854,-10.674,-11.344,-11.604
-1.064,-0.794,-0.884,-1.294,-1.324,-1.394,-0.964,-0.344,-0.004,0.646,1.296,1.696,1.536,0.526,-0.834,-1.834,-2.124,-1.964,-2.044,-2.254,-2.084,-1.894,-2.184,-2.714,-3.114,-3.344,-3.464,-3.504,-3.614,-3.844,-4.064,-4.224,-4.414,-4.584,-4.674,-4.744,-4.814,-4.824,-4.854,-4.924,-4.794,-4.424,-4.184,-4.264,-3.734,-3.234,-3.064,-3.064,-3.514,-4.914,-6.704,-7.084,-7.104,-7.064,-6.904,-6.614,-6.354,-6.244,-6.244,-6.304,-6.404,-6.654,-7.034,-7.394,-7.624,-7.794,-7.904,-7.984,-8.064,-8.324,-9.204,-10.554,-11.314
-1.034,-0.764,-1.154,-1.454,-1.214,-1.134,-0.754,-0.114,0.336,0.866,1.266,1.436,1.176,0.336,-0.644,-1.454,-2.084,-1.864,-1.674,-1.784,-1.724,-1.614,-2.004,-2.604,-2.934,-3.014,-3.024,-3.124,-3.344,-3.634,-3.874,-4.064,-4.294,-4.504,-4.574,-4.544,-4.544,-4.574,-4.704,-5.034,-5.504,-4.844,-3.734,-3.134,-3.094,-2.904,-3.014,-3.244,-3.964,-5.774,-6.894,-7.074,-7.154,-7.174,-6.964,-6.634,-6.344,-6.204,-6.194,-6.204,-6.264,-6.464,-6.794,-7.124,-7.434,-7.824,-8.244,-8.434,-8.184,-7.794,-8.134,-8.684,-9.024
