GIS/scripts/widgets/windy/json/wind_lev_10_m_above_ground_2018030618_002.json
{"header": {"discipline":0,"disciplineName":"Meteorological products","gribEdition":2,"gribLength":57619,"center":7,"centerName":"US National Weather Service - NCEP(WMC)","subcenter":0,"refTime":"2018-03-06T18:00:00.000Z","significanceOfRT":1,"significanceOfRTName":"Start of forecast","productStatus":0,"productStatusName":"Operational products","productType":1,"productTypeName":"Forecast products","productDefinitionTemplate":0,"productDefinitionTemplateName":"Analysis/forecast at horizontal level/layer at a point in time","parameterCategory":2,"parameterCategoryName":"Momentum","parameterNumber":2,"parameterNumberName":"U-component_of_wind","parameterUnit":"m.s-1","genProcessType":2,"genProcessTypeName":"Forecast","forecastTime":2,"surface1Type":103,"surface1TypeName":"Specified height level above ground","surface1Value":10.0,"surface2Type":255,"surface2TypeName":"Missing","surface2Value":0.0,"gridDefinitionTemplate":0,"gridDefinitionTemplateName":"Latitude_Longitude","numberPoints":38293,"shape":6,"shapeName":"Earth spherical with radius of 6,371,229.0 m","gridUnits":"degrees","resolution":48,"winds":"true","scanMode":64,"nx":257,"ny":149,"basicAngle":0,"lo1":72.0,"la1":17.0,"lo2":136.0,"la2":54.0,"dx":0.25,"dy":0.25}, "data":
[rows 66 to 98 of 149, columns 73 to 145 of 257]
-1.634,-2.734,-3.284,-2.834,-2.524,-2.774,-2.834,-2.514,-1.904,-1.634,-1.174,-1.254,-1.924,-2.344,-1.994,-1.364,-1.274,-1.484,-1.164,-0.884,-0.814,-0.254,0.456,0.666,0.326,-0.184,-0.134,0.456,0.796,0.616,-0.254,-1.054,-1.254,-1.034,-0.294,0.686,1.306,1.356,1.196,0.936,0.496,0.246,0.246,0.886,1.656,1.766,1.786,1.646,1.386,1.046,0.456,-0.104,-0.284,0.046,0.496,0.686,0.706,0.726,0.806,0.466,-0.104,-0.634,-0.724,-0.604,-0.634,-0.574,-0.174,-0.084,-0.314,-0.394,-0.244,-0.444,-0.854
-2.844,-3.454,-3.714,-3.574,-2.674,-2.004,-1.744,-1.724,-1.874,-1.774,-1.264,-0.744,-0.934,-1.434,-1.604,-1.574,-1.934,-1.894,-1.074,-0.484,-0.404,-0.154,0.416,0.646,0.286,-0.284,-0.224,0.306,0.706,0.906,0.316,-0.754,-1.414,-0.944,0.116,1.076,1.536,1.286,0.926,0.536,0.276,0.476,0.766,1.076,1.406,1.636,1.756,1.656,1.166,0.516,0.086,-0.264,-0.594,-0.564,-0.004,0.696,1.256,1.506,1.476,1.096,0.386,-0.484,-0.904,-0.874,-0.844,-0.444,0.126,0.036,-0.514,-0.544,-0.074,-0.234,-0.474
-2.624,-2.394,-2.094,-2.144,-1.684,-1.174,-1.034,-1.114,-1.504,-1.834,-1.524,-0.834,-0.484,-0.674,-0.954,-1.254,-1.764,-1.514,-0.914,-0.274,-0.294,-0.554,-0.284,0.486,0.456,-0.024,-0.054,0.106,0.436,0.986,0.846,-0.204,-1.144,-0.834,0.136,0.856,1.206,1.186,0.976,0.826,0.816,0.946,0.886,0.646,0.996,1.646,1.996,1.756,0.846,0.126,-0.004,-0.074,-0.444,-0.784,-0.564,0.296,1.106,1.576,1.736,1.226,0.476,-0.184,-0.494,-0.594,-0.834,-0.894,-0.664,-0.794,-0.934,-0.624,-0.064,-0.144,-0.404
-1.694,-1.394,-1.074,-0.994,-1.084,-1.264,-1.284,-1.244,-1.254,-1.354,-1.164,-0.754,-0.504,-0.404,-0.414,-0.414,-0.574,-0.794,-0.864,-0.594,-0.804,-1.154,-0.584,0.466,0.626,0.396,0.316,0.216,0.436,1.076,1.486,0.846,-0.084,-0.374,-0.134,0.076,0.446,1.146,1.736,1.706,1.476,1.326,0.996,0.536,0.896,2.086,2.646,1.916,0.726,0.136,0.226,0.226,-0.154,-0.644,-0.554,-0.034,0.686,1.326,1.716,1.476,0.496,-0.474,-0.874,-0.764,-0.814,-0.794,-0.924,-1.034,-1.114,-1.234,-1.304,-1.344,-1.284
-1.644,-1.704,-1.454,-1.124,-1.204,-1.604,-1.734,-1.474,-1.174,-0.974,-0.824,-0.654,-0.534,-0.094,0.466,0.986,0.856,0.076,-0.544,-0.724,-0.724,-0.894,-0.534,0.356,0.816,0.996,0.996,0.826,0.976,1.746,2.076,1.446,0.476,-0.214,-0.654,-0.834,-0.114,1.576,2.416,2.026,1.566,1.156,0.866,0.796,1.096,1.916,2.566,1.826,0.576,0.096,0.136,0.046,-0.264,-0.544,-0.434,0.086,0.506,1.016,1.726,2.156,1.406,-0.234,-1.334,-1.544,-1.224,-0.774,-0.554,-0.794,-1.254,-1.424,-1.534,-1.514,-1.504
-1.484,-2.104,-2.034,-1.394,-1.284,-1.504,-1.464,-1.124,-0.864,-0.744,-0.574,-0.264,0.026,0.636,1.486,1.796,1.146,0.036,-0.474,-0.144,0.286,-0.064,-0.244,0.426,1.276,1.816,1.986,1.816,1.646,2.036,2.356,1.566,0.056,-1.094,-1.294,-0.784,0.206,2.096,2.406,1.736,1.136,0.836,0.896,1.356,1.696,1.816,2.176,1.686,0.706,-0.084,-0.344,-0.394,-0.464,-0.844,-0.644,0.516,1.356,1.636,2.036,2.576,2.156,0.656,-0.664,-1.264,-1.194,-0.404,0.016,-0.464,-0.464,0.026,-0.044,-0.464,-0.694
-0.654,-1.294,-1.574,-1.254,-0.924,-0.814,-0.584,-0.324,-0.294,-0.334,-0.144,0.226,0.476,0.756,1.076,1.066,0.546,-0.004,-0.044,0.456,0.796,0.466,0.296,0.956,1.966,2.566,2.556,2.186,1.906,2.146,1.656,0.776,-0.564,-1.484,-1.204,-0.224,0.926,2.336,2.976,2.196,0.866,0.446,0.886,1.746,2.236,2.136,1.806,1.326,0.546,-0.334,-0.584,-0.374,-0.004,-0.614,-0.624,0.996,2.206,2.336,2.256,2.286,1.746,0.906,0.256,0.016,0.196,0.516,0.106,-0.344,0.326,0.846,0.176,-0.504,-0.484
-0.214,-0.744,-1.094,-0.774,-0.274,0.226,0.406,0.436,0.456,0.456,0.546,0.526,0.406,0.426,0.566,0.586,0.566,0.536,0.596,0.846,1.006,0.786,0.786,1.306,2.046,2.296,1.906,1.436,1.336,1.406,0.926,0.066,-0.394,-0.554,-0.214,0.646,1.706,2.946,3.666,2.706,1.096,0.316,0.226,0.786,1.826,2.456,1.856,0.496,-0.244,-0.544,-0.554,-0.274,0.286,0.206,0.166,1.196,2.046,1.956,1.676,1.706,1.526,1.186,0.896,0.836,1.156,1.076,0.176,-0.294,0.216,0.246,-0.564,-0.924,-0.344
-0.314,-0.634,-0.394,0.126,0.656,1.176,1.136,1.056,1.206,1.306,1.276,0.946,0.646,0.716,0.736,0.536,0.776,1.136,1.146,1.306,1.416,1.116,1.116,1.586,2.026,2.006,1.696,1.206,0.696,0.846,0.436,-0.554,-0.374,0.486,1.036,1.376,2.236,2.976,3.496,2.646,1.336,0.686,0.116,-0.004,0.876,2.356,2.056,-0.254,-1.124,-0.434,0.046,-0.184,0.186,0.636,0.706,1.176,1.626,1.486,1.306,1.466,1.736,1.696,1.126,0.946,1.326,1.006,0.116,-0.464,-0.424,-0.474,-0.754,-0.664,0.106
-0.374,-0.634,0.136,1.086,1.446,1.576,1.516,1.376,1.366,1.566,1.546,1.176,0.886,1.016,1.046,0.676,0.996,1.466,1.266,1.616,2.076,1.436,1.066,1.766,1.986,1.546,1.726,1.336,0.366,0.346,0.626,-0.074,-0.224,0.566,1.446,2.256,2.766,3.406,2.736,2.296,1.946,1.456,0.876,0.366,0.166,1.456,2.026,-0.374,-1.764,-0.574,0.596,0.336,0.216,0.316,0.426,1.076,1.546,1.526,1.366,1.476,1.796,1.776,0.986,0.896,1.386,1.026,0.076,-0.544,-0.534,-0.324,-0.234,-0.164,0.456
-0.024,-0.354,0.456,1.856,1.996,1.756,1.806,1.666,1.046,0.806,0.956,1.076,1.176,1.406,1.416,0.926,1.106,1.286,0.696,1.006,1.566,0.886,0.526,1.506,1.886,1.346,1.866,2.036,1.176,0.966,1.666,1.616,0.766,0.436,1.406,2.496,2.986,2.886,2.836,3.536,4.326,3.316,1.566,0.686,0.196,0.736,1.056,-0.764,-1.784,-0.614,0.476,0.276,-0.184,-0.574,-0.564,0.246,1.316,1.686,1.386,1.386,1.526,1.406,1.076,1.156,1.746,1.496,0.526,-0.184,-0.094,0.356,0.426,0.286,0.776
0.576,0.276,0.676,2.026,2.356,1.546,1.606,1.646,0.846,0.276,0.706,1.586,2.226,2.376,1.676,0.916,1.066,1.396,1.036,1.226,1.476,1.026,1.156,2.316,3.116,3.096,3.926,4.766,4.516,3.786,3.176,2.316,1.276,0.876,2.196,2.916,2.246,2.716,4.436,6.146,6.496,4.256,1.446,0.626,0.796,0.366,-0.584,-1.714,-1.734,-0.714,0.046,0.046,-0.494,-1.284,-1.544,-0.974,0.276,1.166,1.386,1.516,1.666,1.716,1.746,1.796,2.146,2.206,1.266,0.266,0.216,0.696,0.946,0.926,1.216
0.786,0.556,0.776,1.776,2.196,1.616,0.916,0.996,0.936,0.736,1.026,1.926,2.416,2.276,1.836,1.356,1.606,2.226,2.586,2.846,2.966,2.956,3.266,4.066,4.766,5.406,6.486,7.406,7.106,5.466,3.566,2.306,1.966,2.036,3.126,2.896,1.656,2.466,4.516,6.036,5.796,3.736,1.076,0.056,0.006,-0.644,-1.444,-1.574,-1.304,-0.944,-0.364,0.256,-0.004,-1.014,-1.644,-1.334,-0.324,0.676,1.186,1.706,2.096,2.436,2.686,2.366,2.336,2.576,1.866,0.486,0.006,0.596,1.456,1.856,2.036
0.576,0.336,0.586,1.236,1.966,1.796,1.326,1.546,2.286,2.596,2.396,2.236,2.076,1.816,1.616,1.656,2.126,2.876,3.506,3.856,3.946,3.906,3.916,4.066,4.536,5.346,6.076,6.596,5.846,3.796,1.986,1.406,1.316,2.326,3.286,2.556,2.056,2.566,3.606,5.126,5.626,3.526,0.596,-0.764,-1.154,-1.384,-1.184,-0.494,-0.364,-1.004,-0.894,-0.064,0.206,0.006,-0.114,0.076,0.756,1.396,1.426,1.776,2.876,3.236,3.076,2.766,2.696,2.856,2.316,0.626,-0.234,0.546,1.946,2.646,2.696
-0.114,-0.644,-0.394,0.476,1.816,2.956,3.436,3.486,3.936,4.236,3.986,3.356,2.566,1.826,1.426,1.506,1.996,2.596,3.006,3.026,2.756,2.626,2.656,3.036,3.826,4.476,4.626,4.376,3.066,1.106,0.016,-0.074,0.256,1.466,2.356,2.156,2.156,2.856,3.306,4.306,3.746,1.326,-0.614,-1.214,-1.094,-1.124,-0.554,0.196,-0.104,-1.054,-1.154,-0.544,0.336,1.546,2.206,2.016,2.066,2.456,2.436,2.536,3.476,3.456,2.816,2.656,3.096,3.606,3.206,1.696,0.476,0.816,1.846,2.266,2.716
-1.194,-1.364,-0.764,0.396,1.856,3.106,4.046,3.886,3.616,3.466,3.086,2.666,2.146,1.576,1.256,1.286,1.616,1.936,1.906,1.456,1.126,1.426,2.016,2.906,3.966,4.076,3.256,2.646,1.376,-0.294,-0.944,-0.184,0.656,1.426,2.216,2.446,2.576,2.776,2.356,1.426,0.216,-0.974,-0.984,-0.264,-0.304,-0.584,-0.344,-0.124,-0.324,-0.904,-1.324,-0.704,1.306,3.476,4.576,4.066,3.206,2.956,2.716,2.626,3.466,3.666,3.346,3.496,4.096,4.996,5.026,4.146,2.506,1.776,1.936,1.936,2.126
-1.024,-0.024,0.766,1.166,1.556,2.316,2.596,2.436,1.486,0.716,0.396,0.456,0.586,0.746,0.946,1.226,1.536,1.596,1.086,0.296,0.276,1.656,2.636,2.706,3.026,2.656,1.456,0.756,0.216,-0.704,-0.624,0.896,1.776,1.796,2.256,2.686,2.366,1.926,1.436,0.296,-0.624,-0.854,-0.134,0.516,-0.314,-0.614,-0.204,-0.004,0.056,-0.904,-1.434,0.016,2.836,4.626,5.356,4.686,3.906,3.386,2.846,2.566,3.286,3.986,3.946,4.276,5.416,6.236,6.556,6.146,5.016,3.626,3.066,2.646,2.266
0.076,1.076,1.656,1.786,1.966,2.066,1.726,0.796,-0.154,-0.854,-0.904,-0.544,-0.084,0.426,0.916,1.326,1.586,1.316,0.336,-0.584,-0.024,2.216,2.716,1.386,0.976,0.866,0.106,-0.264,-0.044,0.126,0.826,2.226,2.716,2.136,2.146,2.476,1.976,1.596,1.546,0.976,0.226,-0.114,0.196,0.506,0.146,0.336,0.226,-0.534,-0.854,-1.184,-0.614,1.506,3.716,4.286,3.956,3.576,3.536,3.606,3.386,2.916,3.026,3.766,4.546,5.016,5.566,6.446,6.406,6.036,5.656,4.676,3.906,3.506,3.136
0.456,0.666,1.116,1.756,2.036,1.816,0.826,-0.114,-0.784,-1.004,-0.664,-0.054,0.566,0.966,1.086,1.096,1.216,1.016,-0.014,-0.694,0.246,2.236,2.226,1.026,0.716,1.066,0.876,0.896,1.326,1.566,2.266,3.166,3.136,2.646,3.006,2.736,2.226,2.006,2.046,1.206,0.016,-0.554,-0.284,0.566,1.336,1.836,1.116,-0.574,-1.424,-1.004,0.356,2.226,3.036,2.726,2.416,2.626,3.126,3.506,3.416,2.856,2.786,3.996,5.676,6.076,5.826,5.216,4.266,4.066,4.386,4.026,3.696,3.826,3.846
0.506,0.756,1.246,1.436,0.916,0.216,-0.254,-0.504,-0.674,-0.574,-0.074,0.646,1.086,1.016,0.626,0.306,0.426,0.706,0.436,0.126,0.586,1.526,1.926,1.756,1.916,2.266,2.266,2.656,2.686,2.186,2.946,3.616,3.136,2.386,2.846,3.106,2.336,1.966,1.566,0.356,-0.704,-0.474,-0.184,0.746,2.696,3.626,2.666,1.046,0.026,0.416,1.646,2.276,2.166,2.076,2.426,2.946,3.296,3.376,3.146,2.496,2.136,3.546,5.886,6.006,3.686,1.776,0.746,1.156,2.446,3.156,3.606,4.226,4.366
0.916,1.906,2.676,1.946,0.426,-0.394,-0.084,0.336,0.256,0.226,0.496,0.666,0.296,-0.314,-0.484,-0.454,-0.434,-0.124,0.236,0.096,-0.244,0.036,0.896,1.766,1.896,1.456,1.456,2.186,2.696,2.326,2.746,3.066,2.056,1.666,2.226,2.446,2.086,1.656,0.956,-0.134,-0.674,-0.474,0.066,1.176,3.166,4.506,4.476,3.386,2.116,2.226,2.876,2.716,2.376,2.596,3.176,3.536,3.486,3.246,3.036,2.406,1.306,1.836,4.156,4.306,0.876,-1.654,-1.614,-0.064,1.796,3.006,3.966,4.856,4.936
0.536,1.676,3.166,3.086,1.416,0.656,1.426,1.946,1.346,0.986,0.776,0.176,-0.874,-1.604,-1.324,-0.934,-0.984,-1.154,-1.434,-2.004,-2.014,-0.794,0.546,1.086,0.526,-0.344,-0.184,1.126,2.556,2.646,3.096,2.506,1.496,1.516,2.106,2.356,2.156,1.346,0.456,-0.004,-0.494,-0.404,0.756,1.856,1.986,3.106,4.356,4.366,3.546,3.256,3.316,3.166,2.996,3.256,3.716,3.916,3.756,3.436,3.286,2.816,1.256,0.616,3.136,4.226,0.786,-1.804,-0.644,1.426,2.776,3.376,3.946,4.826,5.246
0.356,0.826,1.636,1.856,1.346,1.256,1.956,2.016,1.026,0.596,0.426,-0.174,-0.804,-0.774,-0.314,-0.664,-1.184,-1.474,-2.204,-2.864,-1.684,0.706,1.236,-0.154,-1.274,-0.814,0.686,1.506,2.286,2.736,2.686,2.046,1.916,2.226,2.596,2.506,1.956,0.786,0.106,0.056,-0.374,-0.124,1.536,2.316,1.386,1.616,3.006,3.946,3.896,3.496,3.456,3.806,4.036,4.096,4.176,4.226,4.096,3.906,3.886,3.756,2.536,1.356,3.346,6.226,4.606,1.716,1.736,3.086,4.076,4.046,3.926,4.346,4.876
0.356,0.596,0.736,0.766,0.696,0.906,1.186,0.616,-0.404,-0.674,-0.454,-0.484,-0.064,1.246,1.686,0.416,-0.584,-0.714,-1.444,-1.864,-0.284,1.636,0.876,-1.594,-1.964,0.556,2.266,1.236,0.966,2.306,2.316,1.786,2.226,2.226,1.716,0.916,0.046,-0.674,-0.294,0.156,0.026,0.406,1.716,2.356,2.006,2.096,2.916,3.826,3.996,3.646,3.746,4.436,4.836,4.736,4.506,4.376,4.356,4.396,4.546,4.776,4.406,3.456,4.246,6.946,7.656,5.426,3.846,4.416,5.566,5.536,4.996,4.696,4.676
-0.574,-0.034,0.366,0.626,0.726,0.776,0.726,0.106,-0.664,-0.714,-0.214,0.216,1.046,2.236,2.146,0.966,0.166,-0.084,-1.074,-1.594,-0.384,1.206,0.636,-1.314,-1.164,1.376,2.156,0.606,0.416,1.986,2.226,1.406,0.966,0.116,-0.984,-1.644,-1.834,-1.554,-0.584,0.256,0.426,0.756,1.776,2.516,2.776,3.086,3.356,3.696,3.926,4.036,4.606,4.896,4.866,4.606,4.406,4.206,4.436,4.806,4.986,5.316,5.346,4.606,4.396,5.556,6.576,5.916,5.116,5.936,7.216,7.116,6.756,6.366,5.636
-1.694,-1.144,-0.654,-0.394,-0.334,-0.314,-0.254,-0.314,-0.354,0.066,0.776,1.376,1.696,1.816,1.306,0.536,0.206,0.116,-0.554,-0.914,-0.134,1.376,1.586,-0.014,0.086,1.396,1.436,0.676,1.096,1.776,1.096,-0.204,-1.364,-2.364,-2.884,-2.724,-2.124,-1.284,-0.344,0.396,0.656,1.056,1.906,2.576,2.906,3.176,3.366,3.476,3.506,3.766,4.846,5.886,5.626,5.496,5.116,4.546,4.636,5.246,5.576,5.936,6.006,5.216,4.566,4.876,5.426,5.196,5.226,7.116,8.306,7.766,7.666,7.896,7.136
-1.764,-1.414,-1.334,-1.804,-2.594,-2.954,-2.834,-2.244,-1.554,-0.844,-0.544,-0.774,-1.364,-1.934,-2.234,-2.194,-1.574,-0.884,-0.624,-0.654,-0.474,0.216,0.406,-0.214,-0.254,0.226,0.156,-0.054,-0.064,-0.484,-1.554,-2.634,-3.024,-2.964,-2.524,-1.984,-1.514,-0.904,-0.064,0.746,1.296,1.856,2.456,2.826,2.956,3.146,3.446,3.736,3.816,3.896,4.526,5.636,6.696,7.576,7.466,6.286,5.746,5.996,6.146,6.876,7.756,7.306,6.046,5.426,5.436,5.256,5.586,7.356,8.626,7.886,7.756,8.616,8.386
-1.624,-0.944,-0.744,-1.634,-3.384,-4.634,-4.864,-4.334,-3.684,-3.274,-3.584,-4.724,-6.004,-6.624,-6.244,-5.414,-4.614,-3.884,-3.444,-3.334,-3.244,-2.954,-2.594,-2.454,-2.344,-2.204,-2.254,-2.494,-2.824,-3.234,-3.874,-3.904,-3.234,-2.194,-1.324,-0.834,-0.554,-0.194,0.486,1.346,2.146,2.756,3.186,3.446,3.556,3.756,4.126,4.496,4.726,4.826,4.866,5.286,6.026,7.246,8.276,8.156,7.406,6.566,5.846,6.726,8.846,9.766,8.546,7.066,6.256,5.746,5.856,7.126,8.286,8.296,8.256,9.216,9.356
-2.104,-1.064,-0.244,-0.604,-2.304,-4.104,-4.904,-4.794,-4.254,-3.924,-4.274,-5.454,-6.674,-6.864,-6.164,-5.424,-5.124,-5.034,-4.974,-4.944,-4.874,-4.654,-4.264,-3.834,-3.654,-3.744,-4.014,-4.104,-3.874,-3.524,-3.314,-2.904,-2.254,-1.374,-0.484,0.366,0.996,1.476,1.946,2.436,2.976,3.436,3.796,4.076,4.256,4.446,4.706,4.936,5.146,5.446,5.706,5.686,5.436,5.706,6.846,7.786,7.896,7.156,5.986,6.146,7.546,9.276,9.776,9.616,8.946,7.386,6.246,6.596,7.656,8.246,8.586,9.196,9.416
-2.254,-1.534,-0.644,-0.414,-1.344,-3.054,-4.324,-4.634,-4.204,-3.444,-3.094,-3.504,-4.214,-4.374,-3.794,-3.464,-3.514,-3.494,-3.464,-3.454,-3.464,-3.524,-3.564,-3.514,-3.314,-3.184,-3.354,-3.154,-2.524,-1.904,-1.574,-1.354,-1.054,-0.554,0.276,1.506,2.636,3.226,3.336,3.316,3.446,3.786,4.156,4.386,4.456,4.546,4.756,4.886,5.006,5.396,6.036,6.496,6.226,5.916,6.136,6.726,7.366,7.806,7.596,6.936,6.756,7.486,8.626,10.176,11.346,10.226,7.266,5.706,6.186,7.186,7.896,8.536,9.086
-1.384,-1.494,-1.374,-1.294,-1.564,-2.534,-3.564,-4.144,-3.994,-3.044,-2.214,-2.034,-2.334,-2.434,-2.164,-2.164,-2.004,-1.724,-1.434,-1.364,-1.544,-1.804,-2.104,-2.294,-2.094,-1.774,-1.494,-1.054,-0.504,-0.204,-0.174,-0.094,0.146,0.506,1.156,2.296,3.406,3.816,3.716,3.436,3.496,3.856,4.286,4.476,4.426,4.426,4.666,4.856,4.926,5.206,5.876,6.526,6.936,6.916,6.856,6.766,7.186,8.016,8.646,8.366,7.816,7.626,7.706,8.436,9.996,10.676,8.376,6.096,5.066,5.636,6.416,7.216,8.076
-0.744,-1.354,-1.814,-2.214,-2.574,-2.854,-3.194,-3.514,-3.574,-3.134,-2.484,-2.214,-2.344,-2.404,-2.224,-2.124,-2.004,-1.624,-1.184,-0.934,-0.924,-0.834,-0.574,-0.354,-0.204,-0.074,0.046,0.316,0.676,0.856,0.796,0.856,1.146,1.506,1.996,2.856,3.736,4.016,4.016,3.726,3.756,4.056,4.366,4.496,4.396,4.296,4.406,4.546,4.546,4.806,5.336,5.876,6.306,6.546,6.996,7.136,6.856,6.706,6.636,6.666,6.696,6.626,5.856,4.756,4.696,5.866,6.986,5.996,4.516,4.356,4.506,5.056,5.676
-0.994,-1.534,-1.774,-2.104,-2.634,-3.054,-3.074,-3.254,-3.274,-3.334,-3.094,-2.834,-2.804,-2.844,-2.754,-2.654,-2.594,-2.394,-2.064,-1.744,-1.444,-0.974,0.016,1.036,1.526,1.336,0.846,0.706,0.976,1.246,1.306,1.486,1.916,2.386,2.706,3.136,3.866,4.226,4.316,4.166,4.146,4.226,4.356,4.296,4.046,3.706,3.446,3.346,3.336,3.466,3.756,4.136,4.626,5.246,5.696,5.426,4.276,2.646,1.466,1.486,2.116,2.316,1.286,-0.464,-1.604,-0.874,1.316,2.616,2.606,2.176,2.216,2.976,3.546
