GIS/scripts/widgets/windy/json/wind_lev_10_m_above_ground_2018030618_002.json
{"header": {"discipline":0,"disciplineName":"Meteorological products","gribEdition":2,"gribLength":57619,"center":7,"centerName":"US National Weather Service - NCEP(WMC)","subcenter":0,"refTime":"2018-03-06T18:00:00.000Z","significanceOfRT":1,"significanceOfRTName":"Start of forecast","productStatus":0,"productStatusName":"Operational products","productType":1,"productTypeName":"Forecast products","productDefinitionTemplate":0,"productDefinitionTemplateName":"Analysis/forecast at horizontal level/layer at a point in time","parameterCategory":2,"parameterCategoryName":"Momentum","parameterNumber":3,"parameterNumberName":"V-component_of_wind","parameterUnit":"m.s-1","genProcessType":2,"genProcessTypeName":"Forecast","forecastTime":2,"surface1Type":103,"surface1TypeName":"Specified height level above ground","surface1Value":10.0,"surface2Type":255,"surface2TypeName":"Missing","surface2Value":0.0,"gridDefinitionTemplate":0,"gridDefinitionTemplateName":"Latitude_Longitude","numberPoints":38293,"shape":6,"shapeName":"Earth spherical with radius of 6,371,229.0 m","gridUnits":"degrees","resolution":48,"winds":"true","scanMode":64,"nx":257,"ny":149,"basicAngle":0,"lo1":72.0,"la1":17.0,"lo2":136.0,"la2":54.0,"dx":0.25,"dy":0.25}, "data":
[rows 66 to 98 of 149, columns 74 to 147 of 257]
-1.399,-0.699,-0.189,-0.709,-1.759,-2.239,-2.069,-1.919,-2.339,-2.459,-2.649,-2.779,-2.739,-2.959,-3.309,-3.319,-2.799,-2.099,-1.909,-1.959,-2.189,-2.439,-2.659,-2.299,-1.839,-1.839,-2.269,-2.409,-1.829,-1.669,-2.089,-2.449,-2.459,-1.849,-1.159,-0.659,-0.809,-1.219,-1.559,-1.739,-1.789,-1.589,-1.049,-0.619,-0.419,-0.449,-0.729,-1.209,-1.599,-1.639,-1.439,-1.039,-0.989,-1.199,-1.329,-1.619,-2.009,-2.449,-2.129,-1.579,-0.679,0.291,0.561,-0.009,-0.679,-0.399,0.661,1.041,0.751,0.401,0.121,-0.249,-0.269,-0.009
-1.309,-0.639,0.321,0.561,0.151,-0.379,-0.819,-1.379,-2.059,-2.539,-2.639,-2.749,-2.359,-2.119,-2.249,-2.529,-2.009,-1.139,-0.859,-0.939,-1.259,-1.689,-1.729,-1.569,-1.349,-1.709,-2.639,-3.179,-2.759,-2.009,-2.029,-2.719,-2.959,-2.399,-1.279,-0.499,-0.609,-1.159,-1.479,-1.349,-1.179,-1.129,-1.249,-1.209,-1.129,-1.129,-1.339,-1.639,-1.799,-1.749,-1.269,-0.479,-0.189,-0.549,-1.119,-1.589,-1.819,-1.629,-1.379,-1.139,-0.499,0.131,0.001,-0.729,-1.199,-1.099,-0.749,-0.729,-1.129,-1.479,-1.619,-1.449,-1.379,-1.339
-0.219,0.011,0.481,0.701,0.471,-0.059,-0.599,-1.099,-1.539,-1.839,-2.089,-2.439,-2.449,-2.239,-2.019,-1.789,-0.769,0.111,0.391,0.101,-0.519,-1.369,-1.509,-1.569,-1.649,-2.029,-3.239,-3.839,-3.349,-3.089,-3.139,-3.599,-3.639,-2.919,-1.839,-1.159,-1.359,-1.619,-1.469,-1.049,-0.829,-1.019,-1.389,-1.749,-1.889,-1.919,-1.949,-1.949,-1.889,-1.689,-1.199,-0.449,0.061,-0.099,-0.819,-1.349,-1.499,-1.299,-1.119,-1.349,-1.209,-0.799,-0.879,-1.419,-1.909,-1.989,-2.209,-1.899,-1.429,-1.169,-1.109,-0.949,-1.239,-1.639
1.441,1.581,1.301,0.841,0.231,-0.459,-1.119,-1.569,-1.729,-1.619,-1.529,-1.889,-2.129,-2.219,-1.959,-1.269,-0.169,0.551,0.371,-0.199,-0.829,-1.389,-1.669,-2.059,-2.459,-2.759,-3.279,-3.619,-3.139,-3.519,-3.449,-3.379,-3.309,-3.059,-2.579,-2.089,-1.849,-1.429,-0.809,-0.409,-0.359,-0.509,-0.619,-0.889,-1.499,-1.899,-1.909,-1.889,-1.789,-1.719,-1.669,-1.619,-1.239,-1.019,-1.409,-1.939,-2.149,-1.929,-1.889,-1.969,-1.609,-1.109,-0.889,-1.109,-1.139,-0.919,-0.409,0.071,0.311,0.141,-0.239,-0.679,-1.399,-2.149
2.551,2.711,2.011,1.101,0.301,-0.489,-1.089,-1.529,-1.769,-1.809,-1.769,-1.879,-1.969,-2.119,-1.829,-0.709,0.041,0.081,-0.229,-0.349,-0.499,-1.229,-2.269,-3.099,-3.309,-3.049,-2.799,-2.619,-2.609,-2.339,-2.009,-1.949,-2.459,-2.809,-2.899,-2.239,-1.569,-0.679,-0.169,-0.119,-0.149,-0.199,-0.169,-0.399,-1.099,-1.519,-1.089,-0.499,-0.429,-0.829,-1.189,-1.209,-1.149,-1.329,-1.489,-1.449,-1.379,-1.439,-2.009,-2.419,-1.439,-0.059,0.481,0.221,0.031,0.621,1.221,1.111,0.531,0.371,0.431,0.271,-0.399,-1.349
2.341,2.351,1.411,0.551,-0.149,-0.689,-0.929,-0.979,-0.969,-0.969,-1.009,-1.089,-1.299,-1.479,-1.169,-0.549,-0.119,-0.009,0.041,0.131,-0.189,-1.169,-2.419,-3.249,-3.319,-2.909,-2.329,-1.759,-1.709,-1.959,-1.779,-1.639,-1.879,-2.349,-2.019,-1.859,-1.559,-0.809,-0.349,-0.539,-0.829,-0.809,-0.749,-1.119,-1.609,-1.579,-0.619,0.131,0.151,-0.439,-0.819,-0.679,-0.569,-1.029,-1.309,-0.859,-0.199,0.041,-0.439,-0.909,-0.329,0.551,0.541,-0.069,0.001,1.091,1.941,1.631,1.401,1.471,1.611,1.441,0.851,-0.039
0.281,0.551,0.341,-0.119,-0.449,-0.569,-0.609,-0.569,-0.359,-0.069,0.021,-0.309,-0.929,-1.469,-1.689,-1.389,-0.739,-0.169,0.141,0.011,-0.529,-1.299,-2.159,-2.769,-2.719,-2.319,-2.199,-2.459,-3.079,-2.479,-2.009,-1.359,-1.129,-1.229,-1.379,-1.359,-0.929,-0.539,-0.309,-0.379,-0.489,-0.689,-1.489,-2.499,-2.559,-1.439,-0.679,-0.749,-1.189,-1.469,-1.559,-1.219,-0.999,-1.109,-1.169,-0.879,-0.609,-0.589,-0.989,-1.059,-0.519,-0.049,-0.379,-0.869,-0.109,1.441,2.231,2.091,1.761,1.521,1.441,1.301,0.891,0.221
-0.749,-0.259,0.001,-0.099,-0.129,-0.119,-0.259,-0.349,-0.319,-0.279,-0.459,-1.059,-1.669,-1.939,-1.859,-1.409,-0.839,-0.459,-0.299,-0.349,-0.569,-1.009,-1.429,-1.649,-1.589,-1.439,-1.939,-2.989,-3.429,-2.929,-2.189,-1.579,-1.259,-1.309,-1.519,-1.209,-0.349,0.211,0.281,0.401,0.941,1.011,-0.229,-2.129,-2.539,-1.509,-0.629,-0.819,-1.259,-1.299,-0.939,-0.749,-0.719,-0.759,-0.779,-1.049,-1.529,-2.149,-2.799,-2.629,-1.859,-1.339,-1.429,-1.589,-0.579,0.961,1.781,1.641,1.211,0.971,1.011,0.891,0.471,0.081
-0.269,-0.199,-0.149,-0.129,0.001,0.041,-0.089,-0.339,-0.619,-0.809,-1.139,-1.589,-1.829,-1.669,-1.309,-0.969,-0.629,-0.489,-0.559,-0.549,-0.539,-0.749,-0.779,-0.659,-0.709,-0.779,-1.019,-1.369,-1.919,-2.009,-1.759,-1.489,-1.619,-1.929,-1.949,-1.089,0.071,0.561,0.631,0.821,1.181,1.401,1.121,-0.139,-1.469,-1.449,-0.539,-0.279,-0.729,-0.869,-0.369,0.151,0.071,-0.399,-0.939,-1.459,-1.899,-2.269,-2.529,-2.439,-2.299,-2.209,-2.249,-1.949,-0.609,0.801,1.621,1.661,1.431,1.451,1.431,0.981,0.391,0.241
0.581,0.131,-0.049,0.151,0.381,0.521,0.561,0.371,0.091,-0.189,-0.579,-0.949,-1.049,-0.779,-0.359,0.161,0.771,0.851,0.241,-0.159,-0.029,0.181,0.301,0.331,-0.059,-0.389,-0.149,-0.029,-0.819,-1.709,-1.549,-0.949,-0.979,-1.409,-1.229,0.041,0.981,0.991,0.781,0.841,1.001,1.151,1.341,1.111,0.121,-0.579,-0.179,0.391,0.111,-0.579,-0.489,-0.009,-0.109,-0.879,-1.749,-1.859,-1.639,-1.549,-1.649,-1.769,-2.089,-2.209,-2.339,-1.859,-0.539,0.741,1.621,1.871,1.991,2.021,1.681,1.171,0.681,0.491
1.551,1.211,0.771,0.781,1.001,1.111,1.271,1.231,1.011,0.821,0.751,0.821,1.091,1.351,1.461,1.691,2.051,2.231,1.371,0.501,0.461,0.991,0.981,0.451,-0.259,-0.479,-0.059,0.771,1.171,0.821,0.491,0.381,0.221,0.391,1.151,1.551,1.011,0.271,-0.329,-0.249,0.651,1.391,1.491,1.531,1.551,0.771,0.201,0.461,0.551,-0.189,-0.739,-0.799,-0.849,-1.269,-1.779,-2.039,-2.059,-2.139,-2.299,-2.209,-2.229,-2.369,-2.359,-2.029,-0.889,0.451,1.501,1.921,2.151,2.091,1.651,1.391,1.271,1.121
2.041,2.211,1.851,1.701,1.881,2.111,1.861,1.721,1.711,2.131,2.771,3.511,4.091,3.881,3.551,3.391,3.181,3.091,2.671,1.671,1.211,1.681,1.531,0.661,-0.039,0.091,0.761,1.801,2.841,3.411,3.081,2.301,2.031,2.501,2.781,1.751,-0.199,-1.489,-1.829,-1.679,-0.589,0.971,1.761,1.671,1.371,0.911,0.471,0.291,-0.459,-1.489,-2.059,-2.039,-1.769,-1.829,-2.269,-2.949,-3.579,-4.109,-3.819,-3.399,-3.159,-3.009,-2.839,-2.589,-1.779,-0.299,1.081,1.951,2.211,2.261,1.861,1.521,1.441,1.691
2.251,2.411,2.301,1.851,2.141,2.261,1.921,1.841,2.331,2.961,3.791,4.071,3.911,4.001,4.331,4.301,3.831,3.451,3.091,2.501,2.211,2.391,2.251,1.471,0.901,0.951,1.101,1.021,1.141,1.991,3.131,3.751,3.241,2.841,1.701,0.401,-0.179,-0.319,-1.059,-2.309,-2.569,-0.849,1.041,1.141,0.141,-0.279,0.201,0.681,0.291,-0.879,-1.939,-2.829,-3.879,-4.819,-5.399,-5.599,-5.629,-5.519,-5.039,-4.299,-4.119,-3.929,-3.379,-3.109,-2.619,-1.219,0.591,1.711,2.271,2.451,2.361,2.161,1.901,1.821
3.361,2.991,1.981,0.771,0.171,0.651,1.671,2.691,3.491,3.641,3.101,2.191,1.251,0.761,0.911,1.181,1.191,1.061,0.881,0.581,0.281,0.141,0.061,-0.029,0.151,0.521,0.571,0.241,0.281,1.261,2.751,2.911,2.341,1.591,0.721,0.831,1.611,1.851,0.801,-1.139,-1.969,-0.629,0.791,0.991,0.381,0.191,0.981,1.771,1.451,0.261,-1.529,-3.759,-5.919,-7.349,-7.749,-7.319,-6.679,-5.999,-5.169,-5.119,-4.769,-4.519,-4.189,-3.779,-3.109,-1.809,0.101,1.371,2.021,2.231,2.501,2.381,1.911,1.721
2.691,1.751,0.541,-0.319,-0.209,0.861,2.191,3.161,3.501,3.101,1.981,0.441,-0.909,-1.659,-1.709,-1.439,-1.119,-0.819,-0.729,-1.049,-1.679,-2.129,-2.099,-1.539,-0.559,0.131,0.391,0.611,1.011,1.531,2.021,2.061,1.891,1.421,1.281,1.311,1.601,1.591,0.951,-0.279,-0.659,0.241,1.271,1.281,0.321,-0.219,-0.089,-0.039,-0.149,-0.639,-2.079,-3.949,-5.909,-6.729,-6.839,-6.379,-5.719,-5.789,-5.709,-5.259,-4.729,-4.739,-4.469,-3.979,-3.629,-2.529,-0.619,1.041,1.701,1.771,1.951,2.221,2.161,1.981
1.091,1.211,1.191,1.281,1.311,1.571,1.621,1.421,1.161,0.761,0.221,-0.509,-1.229,-1.699,-1.859,-1.769,-1.469,-1.109,-1.159,-1.859,-2.639,-2.789,-2.619,-2.229,-1.349,-0.529,0.091,0.691,1.091,1.201,1.341,1.641,1.441,0.931,0.691,0.481,0.041,-0.309,-0.769,-1.159,-0.739,0.431,1.181,0.411,-1.079,-1.789,-2.009,-1.749,-1.159,-1.429,-2.219,-2.989,-3.919,-4.749,-5.149,-4.839,-4.299,-4.409,-4.469,-4.339,-4.429,-4.859,-4.289,-3.459,-3.559,-3.169,-1.649,0.481,1.631,1.901,2.191,2.681,2.791,2.511
1.801,2.311,2.891,3.141,3.021,2.081,0.941,-0.179,-0.709,-0.669,-0.579,-0.709,-1.009,-1.249,-1.389,-1.329,-1.069,-0.999,-1.669,-2.919,-3.209,-2.179,-1.509,-1.789,-1.869,-1.319,-0.729,-0.539,-0.769,-0.909,-0.479,-0.109,-0.299,-0.669,-0.669,-0.589,-0.849,-1.249,-1.419,-1.149,-0.349,0.401,0.121,-1.129,-1.799,-1.689,-1.279,-0.869,-0.889,-1.129,-1.099,-1.139,-1.779,-3.299,-4.759,-5.799,-5.799,-5.169,-4.229,-3.959,-4.419,-4.309,-3.399,-2.849,-3.049,-3.159,-2.199,-0.079,1.941,2.871,3.211,3.461,3.221,3.011
2.291,2.121,2.191,2.291,2.031,1.501,0.611,-0.049,-0.399,-0.569,-0.819,-1.109,-1.269,-1.299,-1.229,-0.909,-0.409,-0.419,-1.339,-2.589,-2.779,-1.879,-1.519,-1.729,-1.779,-1.529,-1.379,-1.479,-1.609,-1.259,-0.749,-0.909,-1.279,-1.099,-0.789,-0.409,-0.119,-0.089,-0.089,0.001,0.021,-0.229,-0.859,-1.279,-0.869,-0.319,0.201,0.361,-0.069,-0.299,-0.169,-0.329,-1.329,-2.889,-4.669,-6.339,-7.239,-7.189,-6.519,-6.399,-6.659,-6.279,-4.619,-3.269,-3.109,-3.149,-2.739,-1.329,0.721,2.231,2.831,3.051,3.201,3.191
0.811,0.781,1.001,0.841,0.411,0.281,0.611,0.771,0.361,-0.519,-1.379,-1.809,-1.729,-1.519,-1.319,-0.829,0.021,0.511,0.161,-0.599,-1.439,-2.039,-2.389,-1.749,-1.139,-0.909,-0.589,-0.059,0.251,0.371,0.451,0.281,-0.039,0.051,0.361,0.701,1.041,1.101,0.781,0.471,0.421,0.341,-0.169,-0.559,-0.999,-1.289,-0.729,-0.119,-0.229,-0.609,-0.979,-1.689,-2.609,-3.469,-4.229,-5.089,-5.899,-6.419,-6.799,-7.729,-8.609,-8.069,-5.559,-3.399,-2.759,-3.099,-3.709,-3.489,-2.039,-0.309,0.911,1.571,1.951,2.291
-0.809,0.111,0.651,0.351,-0.179,-0.019,0.871,1.311,0.631,-0.529,-1.389,-1.549,-1.359,-1.149,-0.889,-0.429,0.311,1.261,1.921,2.071,1.441,0.421,0.151,0.551,0.561,0.031,-0.189,0.141,0.431,0.631,1.061,1.541,1.591,1.371,1.231,0.991,0.881,0.561,0.081,0.051,0.341,0.241,-0.359,-1.099,-1.459,-1.369,-0.969,-0.989,-1.909,-2.819,-2.899,-2.949,-3.149,-3.389,-3.569,-3.829,-4.219,-4.589,-5.219,-6.489,-7.899,-7.029,-4.039,-2.079,-2.559,-4.119,-5.519,-6.069,-5.209,-3.409,-1.499,0.091,1.211,1.941
-0.759,-0.309,-0.209,-0.619,-1.029,-0.729,0.361,1.091,0.761,-0.039,-0.589,-0.719,-0.709,-0.649,-0.489,-0.219,0.261,1.191,2.401,3.261,3.401,2.861,2.661,2.431,1.821,0.781,-0.199,-0.399,0.081,0.651,1.101,1.491,1.811,1.671,1.171,0.771,0.581,0.171,-0.089,0.131,0.001,-0.309,-0.239,-0.319,-0.889,-1.259,-1.349,-1.769,-2.749,-3.479,-3.179,-2.779,-2.779,-2.949,-3.009,-3.029,-3.189,-3.499,-3.989,-4.949,-5.749,-4.529,-2.369,-1.779,-3.669,-6.249,-7.419,-7.569,-7.229,-6.189,-4.449,-2.189,0.121,2.001
1.841,1.141,0.241,-0.329,-0.539,-0.409,0.331,1.021,0.961,0.341,-0.329,-0.779,-0.829,-0.479,-0.349,-0.609,-0.529,0.111,0.821,1.471,2.321,2.831,2.631,1.861,1.361,1.381,1.271,1.121,1.181,1.401,0.991,0.751,0.961,1.071,0.881,0.801,0.791,0.551,0.411,0.161,-0.099,0.141,0.981,1.151,0.311,-0.989,-1.979,-2.469,-2.609,-2.649,-2.619,-2.559,-2.619,-2.649,-2.559,-2.439,-2.509,-2.799,-3.229,-3.649,-3.639,-3.039,-2.269,-2.589,-4.449,-6.489,-7.049,-6.739,-6.579,-6.479,-5.999,-4.429,-1.729,1.201
2.971,2.731,2.081,1.511,1.321,1.161,1.201,1.261,0.921,0.161,-0.759,-1.569,-1.749,-0.759,0.121,-0.009,-0.489,-0.579,-0.389,0.181,1.191,1.591,0.711,-0.579,-0.649,1.091,2.341,1.901,1.161,0.901,0.491,0.541,1.091,1.541,1.491,1.221,0.891,0.821,0.771,0.491,0.331,0.411,0.301,-0.189,-0.939,-1.829,-2.589,-2.889,-2.959,-3.229,-3.529,-3.489,-3.149,-2.699,-2.369,-2.209,-2.279,-2.519,-2.739,-2.399,-1.309,-0.829,-2.079,-3.559,-4.209,-4.859,-5.309,-5.469,-5.279,-5.159,-5.229,-4.869,-3.199,-0.359
2.071,2.321,2.621,2.611,2.491,2.121,1.831,1.861,1.811,1.481,0.941,0.341,-0.199,0.071,0.751,1.121,1.431,1.851,2.051,2.141,1.791,1.571,0.781,-0.089,-0.039,1.261,2.361,2.261,1.641,1.051,1.061,1.611,1.961,1.971,1.521,1.221,1.141,1.191,1.021,0.851,0.771,0.431,-0.649,-1.769,-2.159,-2.419,-2.919,-3.249,-3.449,-3.529,-3.509,-3.499,-3.249,-2.769,-2.439,-2.339,-2.349,-2.489,-2.419,-1.619,0.061,1.031,-0.389,-2.749,-3.549,-3.879,-4.659,-5.149,-4.989,-4.529,-4.249,-4.249,-3.829,-1.849
0.411,0.711,1.241,1.741,1.991,2.121,2.331,2.501,2.791,3.481,4.131,4.571,4.111,2.991,2.691,3.031,3.811,4.651,4.361,3.641,3.281,3.631,4.391,5.001,4.081,3.551,3.961,4.141,3.941,2.781,2.041,2.081,2.051,1.571,1.051,0.861,1.011,1.011,0.671,0.291,0.001,-0.359,-0.969,-1.499,-1.689,-1.739,-2.009,-2.629,-3.329,-3.659,-3.309,-3.209,-2.989,-2.699,-2.609,-2.759,-2.829,-2.729,-2.389,-1.569,-0.309,0.551,0.181,-1.139,-2.309,-3.259,-3.919,-4.269,-4.319,-4.139,-3.779,-3.599,-3.499,-2.369
-0.569,-0.339,-0.079,0.241,0.671,1.221,1.801,2.241,2.521,2.791,3.611,4.231,3.871,2.821,2.621,3.411,4.791,5.431,4.821,4.491,4.291,5.061,5.771,6.041,5.021,4.321,4.351,4.581,4.181,2.701,1.691,1.431,1.361,1.081,0.651,0.211,-0.069,-0.279,-0.609,-0.999,-1.209,-1.289,-1.349,-1.449,-1.639,-1.829,-2.059,-2.459,-3.209,-4.419,-5.599,-5.629,-5.169,-4.409,-4.029,-3.999,-4.039,-3.909,-3.539,-2.759,-1.679,-0.889,-0.689,-0.959,-1.289,-1.639,-2.239,-2.619,-2.829,-3.039,-3.069,-2.849,-2.499,-1.979
-0.589,-0.239,0.021,0.081,0.041,0.151,0.401,0.571,0.611,0.791,1.121,1.261,0.861,0.151,0.011,0.631,1.521,2.351,2.791,3.351,3.121,2.661,2.721,2.551,1.831,1.421,1.711,1.951,1.731,1.451,1.521,1.611,1.521,1.131,0.501,-0.179,-0.749,-1.169,-1.559,-1.769,-1.859,-1.869,-1.959,-2.079,-2.299,-2.549,-2.749,-2.779,-2.799,-3.289,-4.499,-5.769,-6.409,-6.189,-5.279,-4.459,-4.119,-4.239,-4.689,-4.709,-3.709,-2.319,-1.339,-0.899,-0.639,-0.519,-0.959,-1.729,-2.039,-2.249,-2.519,-2.319,-1.559,-0.709
-0.929,-0.349,0.301,0.431,-0.339,-1.299,-1.679,-1.549,-1.079,-0.409,0.191,0.191,-0.479,-1.309,-1.659,-1.589,-1.399,-1.089,-0.489,0.191,0.531,0.621,0.871,1.121,1.051,0.731,0.391,0.071,-0.009,0.351,0.901,1.141,0.821,0.291,-0.189,-0.559,-0.779,-0.909,-1.059,-1.229,-1.419,-1.619,-1.799,-1.899,-1.979,-2.109,-2.219,-2.179,-1.899,-1.449,-1.279,-1.699,-2.829,-4.139,-4.499,-3.889,-3.149,-2.889,-3.669,-5.109,-5.809,-4.939,-3.269,-1.699,-0.619,-0.049,-0.259,-1.079,-1.719,-1.989,-2.309,-2.239,-1.349,-0.139
-2.129,-1.339,0.111,1.411,1.311,0.011,-1.239,-1.759,-1.549,-0.899,-0.249,-0.099,-0.509,-1.129,-1.529,-1.859,-2.249,-2.469,-2.309,-1.849,-1.269,-0.619,0.111,0.761,1.121,1.001,0.501,-0.079,-0.459,-0.579,-0.569,-0.699,-1.029,-1.459,-1.709,-1.679,-1.469,-1.139,-0.759,-0.509,-0.459,-0.569,-0.719,-0.839,-0.939,-1.069,-1.229,-1.459,-1.679,-1.609,-1.139,-0.569,-0.619,-1.609,-2.789,-3.359,-3.099,-2.319,-2.079,-3.019,-4.809,-6.019,-6.009,-4.699,-2.629,-0.709,0.231,0.221,-0.109,-0.519,-1.179,-1.789,-1.609,-0.569
-3.339,-2.889,-0.969,1.651,3.571,3.691,2.461,1.061,0.091,-0.229,-0.029,0.441,0.821,0.861,0.531,-0.119,-0.829,-1.419,-1.789,-1.889,-1.639,-1.019,-0.319,0.211,0.571,0.821,0.881,0.761,0.451,0.031,-0.379,-0.729,-1.029,-1.359,-1.739,-1.939,-1.909,-1.569,-1.019,-0.519,-0.269,-0.229,-0.269,-0.379,-0.609,-0.879,-1.129,-1.469,-2.049,-2.759,-3.239,-3.049,-2.569,-2.309,-2.589,-3.279,-3.839,-3.619,-2.659,-2.029,-2.459,-3.759,-5.419,-6.529,-5.639,-2.579,-0.059,0.851,0.911,0.641,-0.109,-1.039,-1.339,-0.709
-3.089,-3.539,-2.529,-0.129,2.431,4.001,4.091,3.391,2.301,1.441,1.061,1.301,1.851,2.241,2.321,1.881,1.381,0.851,0.231,-0.369,-0.639,-0.399,0.181,0.671,1.061,1.451,1.711,1.781,1.681,1.311,0.861,0.531,0.291,0.031,-0.359,-0.789,-1.059,-1.059,-0.839,-0.579,-0.459,-0.489,-0.559,-0.649,-0.819,-1.059,-1.249,-1.379,-1.629,-2.169,-2.909,-3.569,-3.679,-3.299,-2.809,-2.879,-3.529,-4.219,-4.319,-3.979,-3.559,-3.289,-3.899,-5.969,-7.629,-6.029,-3.459,-1.689,-1.309,-1.219,-1.249,-1.429,-1.419,-0.869
-1.229,-2.329,-2.589,-1.719,-0.279,1.041,1.891,2.411,2.491,2.081,1.601,1.381,1.491,1.781,2.121,2.431,2.581,2.551,2.091,1.371,0.701,0.421,0.671,1.251,1.781,2.011,1.961,1.791,1.671,1.501,1.231,1.011,0.911,0.831,0.591,0.191,-0.159,-0.329,-0.429,-0.529,-0.659,-0.809,-0.979,-1.099,-1.139,-1.169,-1.199,-1.149,-1.079,-1.099,-1.279,-1.619,-1.819,-1.919,-1.779,-1.489,-1.549,-2.219,-3.429,-4.559,-5.049,-4.449,-3.749,-4.819,-6.979,-8.549,-8.099,-6.869,-6.829,-6.049,-5.009,-3.939,-3.269,-2.159
1.291,0.161,-0.389,-0.449,-0.229,0.111,0.661,1.351,1.991,2.231,2.141,2.011,2.031,2.151,2.301,2.511,2.751,2.851,2.561,2.031,1.711,1.381,1.231,1.401,1.741,1.891,1.621,1.281,1.081,0.781,0.371,0.031,-0.079,0.131,0.391,0.371,0.041,-0.399,-0.769,-1.029,-1.229,-1.459,-1.689,-1.849,-1.819,-1.759,-1.809,-1.909,-1.929,-1.859,-1.809,-1.859,-1.989,-2.199,-2.339,-2.309,-2.309,-2.659,-3.569,-4.549,-5.319,-5.309,-4.909,-5.139,-5.939,-7.099,-8.579,-9.539,-9.719,-9.339,-8.919,-8.039,-6.839,-5.119
